bp_percentage,dp,ensemble_diversity,ent_3,ent_4,ent_5,ent_6,ent_7,ent_8,expected_accuracy,fe_per,gc_percentage,pos_entropy,seq
0.581395348837,.......((((((....)))))).....(((((((.(((((((((((...((((((.......))))))........((((((((.((..........)).)))))))).....((((((((...........).)))))))...((((((....))))))........((((.(((((....((((.......))))..)))))))))..((((((((((....(((((.(((((((((.........))))))))))))))...(((((((((((.....))))))))))).(((((..........)))))))))))))))........((((((((......))))))))....((((......))))...)))))))).)))((((((((.....)))))))).....((((((((..((((((.............)))))))))))))))))))))..........................(((((((((.........))))))))),0.118337901481,0.955746296615,0.916535849942,0.927762112076,0.977735025406,0.994167389118,0.998689007328,0.718116386932,0.23125882857,0.625968992248,0.1749964395,GUGCCCAGUACCUUGAAGGGUAUCCGGCCCCGGACGCUCGCGGGCCGCGUCCCGUUGAGAGGGGGCGGUCUGCCCACUUCUAGAGAGGGGGGGUAUGGCUAUUCUAGAAGAGUUGCAGCCCGUGUCGCCCACGCCGGGCUGCUAUGCCAAUUUUCGUUGGUCACGGAAUUUUUAGGGGCUUAAACCCUUCUGUUGGGUAAGCCCGGGGGUGUGCCCCCCCCUUCGGCAGACACAGGAUCUCGACUAUCUGGGUCCUGUUCUGCUUGCCGCAUGGGCUCGACCGGCCCAUGCGGAACCCAACUGCUCCCUUGGGUGGGGGGGGCACACCUCGAUGGGUCGUUAACCUACGACCCACGGAACACAUUUUAGUGUAAACGGCUUGCGGAGGGACGGUGCCGACCACCGUCCAUCCCGCGGGGCAUUGCGUUCACGCUCGUGGAAUGAACGCUGCCCCGUGUCCGGGGAACCAUGGAACAGUCUACGGCGCCUUUCUGGACCGUCGGUGAUGGUCCGGGA
0.581395348837,.......((((((....)))))).....(((((((.(((((((((((...((((((.......))))))........((((((((.((..........)).)))))))).....((((((((...........).)))))))...((((((....))))))........((((.(((((....((((.......))))..)))))))))..((((((((((....(((((.(((((((((.........))))))))))))))...(((((((((((.....))))))))))).(((((..........)))))))))))))))........((((((((......))))))))....((((......))))...)))))))).)))((((((((.....)))))))).....((((((((..((((((.............)))))))))))))))))))))..........................(((((((((.........))))))))),0.146901743373,0.967525705988,0.924927907676,0.938954539717,0.979168414488,0.991386801996,0.995465082428,0.624677173446,0.164232157925,0.600775193798,0.219496124173,AGGUGUCGAGGUGGUGCCACCUCUGUGUGGGUGUAUUGGCCUUGGGGUAAGGAGGCCCGUGGUGCCUCCGGCUUCCCGCGACUGAAGCCAAUUUAAGUGUCUCAGUUGCCGUAAGGUGGGGAUAGCGCAAUCGUACUUCACCCUAUCUGCACCUGUGCAGAGCAAGCAGUCUGUAGCGUUAUCGAUCCGCCCACGGUCGUGCGCGCGGGAGGGUGCGGCUCCCUUAGCUUUAGUGCUCUGGGCAGCGUGCAGAGCACUGGGCUACUGGAGUCCCUUGAAUUACAGGGGACUCCGGGGGAUACAUGGAGCUUCCCGGGCCGUAUCAGACUUUAUGUCGGCCAGACAUGGCCGACAUCGAUAUCAGAUUAGAUAGGCUUCCGAGGUCCAGGCCGGCCUGGUUGGCCGGCCUUCACGGCCGGGCUGGCGGUGCGUGGUGCCAUCCCACCGCGCCCGGUUUACACCCCGGCUCACGAAUGGUGGCUGUUACAUUUCGUAGGGAUGGCAUAACCCUAUGAA
0.581395348837,.......((((((....)))))).....(((((((.(((((((((((...((((((.......))))))........((((((((.((..........)).)))))))).....((((((((...........).)))))))...((((((....))))))........((((.(((((....((((.......))))..)))))))))..((((((((((....(((((.(((((((((.........))))))))))))))...(((((((((((.....))))))))))).(((((..........)))))))))))))))........((((((((......))))))))....((((......))))...)))))))).)))((((((((.....)))))))).....((((((((..((((((.............)))))))))))))))))))))..........................(((((((((.........))))))))),0.0777261334749,0.962199362509,0.926426263005,0.937103557726,0.983141101656,0.995203962663,0.998689007328,0.700895868647,0.250725705999,0.616279069767,0.142828276,GUCAACCUAGGUGUUCACACUUGUGUCUGCAGGGCACGAUCAGUGGCGUCGCGGUAGCUCAUCUACCGGGGCCCACGGGGCGCUCCUGAAAGGAUGGCUGUGAGCGCCCCCUUGGGGGGGCAUAAAGUUAAGAUCGUUCCCCAAGUAGCUCCAAGGGGCUACGGUUCCCGGGGGUCGGAUACUUGGAACCACAGUUCACAUUUGCCCUUUUAGGGUGGGGUUUCUCUGGGUUCCAUCCAUAAGGCGGAAAUGGAUGGACCCGGCAGUAGCCCCUUCCUCAGUGGGAGGGGCUAGCUGCUCCGCUCACAAGGCGGACCUCGCCCUAAUCCGGUGGGCGCGGUAAGCUCUGCGCCCAUUAUCUUGAUCCCGGGGAACGCUACUGAGUCGGGCCCGGCGACCGGCCGGGCCUGUUUUCGGGCGCGUCAUCCUGCACAUGGCCCUGGGGGUGGUGCCCGAGUCCUGUCCGAGAUCAGAAUUCUCGGUGAUCAUUACGGCGGCAUCAUACACGCCGCCGUA
0.581395348837,.......((((((....)))))).....(((((((.(((((((((((...((((((.......))))))........((((((((.((..........)).)))))))).....((((((((...........).)))))))...((((((....))))))........((((.(((((....((((.......))))..)))))))))..((((((((((....(((((.(((((((((.........))))))))))))))...(((((((((((.....))))))))))).(((((..........)))))))))))))))........((((((((......))))))))....((((......))))...)))))))).)))((((((((.....)))))))).....((((((((..((((((.............)))))))))))))))))))))..........................(((((((((.........))))))))),0.0891933358087,0.953948640947,0.916219090453,0.937531979699,0.98504534868,0.997819983029,1.0,0.695578289176,0.192964844568,0.641472868217,0.164552136107,GAUUAGCCCACUACCGCUAGUGGACGUCUUCCCGGUACCGGCCCGCGUACGGGCUGGAUGGUUCGGCCCAUCAACCGAGGGGAUCCGUUCAUCCAAGUAUGGAUCCCCUUUAUAAUGAGCCUAUGCUCAGGUUAAGGCUCGUAUAGCCCUAGGAUUAGGGCAUAUAAAGUGGGCGCUGUGGCUCGCUCAGCCACGGCGUAGCAGUCUCAAAUGGCCCCUGCCACUGACUCAAGGCGCCCCGUAUGACGAGGGGCGCCUGGGUCGUUAGUGUCCCUAGCUCUUCUGGGGACACUUCGGUGCAUGAGCGACCACUGGCGGGGGCCGGUCCUUAACGGGCGGCACGACGGCCGCCCGACGUUGCCGGAGACGGUAUUCCGCGGGCCGGGUAUGGGGGGUUCGUUCCCCCGUGCCUCGGGGCAGGGGGGGCCCGCUAUUGAAGUCCGGGUCCCUUGCCCCCCGGGAGGCUCCACGUGCGCGUACAGCAGCACGAUCCACCGCUCUAUGUGUGCGGUGGGU
0.581395348837,.......((((((....)))))).....(((((((.(((((((((((...((((((.......))))))........((((((((.((..........)).)))))))).....((((((((...........).)))))))...((((((....))))))........((((.(((((....((((.......))))..)))))))))..((((((((((....(((((.(((((((((.........))))))))))))))...(((((((((((.....))))))))))).(((((..........)))))))))))))))........((((((((......))))))))....((((......))))...)))))))).)))((((((((.....)))))))).....((((((((..((((((.............)))))))))))))))))))))..........................(((((((((.........))))))))),0.0982265459825,0.948988273361,0.910647379027,0.924538424365,0.97645170639,0.993459949086,0.99825200977,0.665058670815,0.198500552988,0.649224806202,0.156760330187,UGAACUGUCCCGCUAUCGCGGGACCCCGAGACUAUACCCGCCCUUGGGCUAGCGUCAAUGUCCGGCGCCCUAGAAGCUGCACCGGGAAGUUAUUUUUCUUACCGGUGCGGUUAGGUUCUCAGCGGUCAAGGUGCGUGAGAACCCGCCCGCGCGUCCGCGGGGACAGCCAAGUGCACCACGGUCGGAGGGCUCCGUUCCUCGUGGACGCUUACUGAGCGCUGGGAUCAUGCGGCCCGGGGGUUACCGAGACUUCCGGGCGUAUGUUAACUCCGGCCGUGUCUGAUGGCCGGAGUCGCGCAUGUAAACUCUUGCGCCGGUGCUUAGGUACUAUCAGGGGGCAUAGUCCUGCCCCCUCAAUCCCCUCCGCCGGGGAUUUCGAGGGUAGGGGGCUGGGUAACCUACCCGGCCGCACUCGGAGGGCAUCCUCCCCCCUUGGCAGCGUGGGGGGGCCCUCUGAUAGUCUCUCAUGAAGUCGCGGUGCGUCCUGAGUCGGGGUGUCUCCGGGCUGCGCCCCGG
0.581395348837,.......((((((....)))))).....(((((((.(((((((((((...((((((.......))))))........((((((((.((..........)).)))))))).....((((((((...........).)))))))...((((((....))))))........((((.(((((....((((.......))))..)))))))))..((((((((((....(((((.(((((((((.........))))))))))))))...(((((((((((.....))))))))))).(((((..........)))))))))))))))........((((((((......))))))))....((((......))))...)))))))).)))((((((((.....)))))))).....((((((((..((((((.............)))))))))))))))))))))..........................(((((((((.........))))))))),0.115679730405,0.961668557049,0.930243153113,0.938897104277,0.981130227391,0.994331955875,0.997378014655,0.590653350055,0.240671641791,0.614341085271,0.168709347481,UUCCUUGAGCGGUAGAUACCGUUGUCGUAAGGUCGGUGCACGGUACAUUAUCAAUAACUGGCAUAUUGUGGAGUCCAGGCGCGCGGGCCCGCCGCAACGUCUGUGCGCCUAUCUGACGGCGGUGCAUCCUUCUUGCGUCGUCGUGUGGCGCCCACGCGCCAACUCUUCACGCCGUUACAAGAGCCUAGAGACUGUAGGAGUGUGAGGCGUUUAGCUGCGGGGUCUGGUGGACUAGCUUGGAGAGAUUCACCGGGCUAGUUACCUACCAGGCGCCCACGAAGUGUGGGCGCCUGGAGGCGGCUGUUUAGCCGCCUUCCGCGGCUGUGCUAAUAGGACCCCGAAAACUUGGGGUCCCUGCUUUUGUUCAUAGGGUGGUGUACCGUUGCGCACCCGCCCGCUCGGCGGGUGUCCCGUGCCGGGGGACCCUCGUGCUAGCAGGUUGCGAGGGCCCUGGCGCGGCCUUCCAGGGGUACUCGCUGCAUUUGAUUGCUUUCUACAACAGCUCCCUGUGGGAGG
0.581395348837,.......((((((....)))))).....(((((((.(((((((((((...((((((.......))))))........((((((((.((..........)).)))))))).....((((((((...........).)))))))...((((((....))))))........((((.(((((....((((.......))))..)))))))))..((((((((((....(((((.(((((((((.........))))))))))))))...(((((((((((.....))))))))))).(((((..........)))))))))))))))........((((((((......))))))))....((((......))))...)))))))).)))((((((((.....)))))))).....((((((((..((((((.............)))))))))))))))))))))..........................(((((((((.........))))))))),0.105803272019,0.961914289649,0.926208271411,0.94138079426,0.984175321727,0.995639966058,0.998689007328,0.607895093194,0.234086967137,0.62015503876,0.153320937396,GUACGCUUACGUCCAAAGACGUAAUGCGUGCCUAUGCCUGCCCCCCUCUUGCGGCGAUUGGUUUGUCGGUCAUCAGUUACUCCCGGUGGUAGUUUUUUCAUCGGGAGUAAAGAGGCACACAUUUAAUUCUAAUAGUGUGUGCUCGGCAGGCGUAUGUCUGCAGGCCCGGGUACCCUGGCGCCGGAAGGGGCGGGCUUCUGGCCAAGUACACAGGGUGCUGUUGGCUCGCAUGUGCGCAGUUCCAGUGCUAUUGUGCACUGCGACCGGCCCCGCCGCGCAUCGUGCGGCGGGGCUGCCGGCAAGCCCAGCCUGGUACAGCGCCCUGGGGUGCGGGGGCUGCAGCCGGGCGGCCCCUUCAGAGGUUAAUGCCUCCAGAGGGGGGCUAGGAGCGUCCUUGACUAGGGCGCUCUGCAACGCGCGUCUUCUCGUCUUCGGAGAACUAACGAGAACGCGCGUGUAGGCGCAAGCGUCUCAUACCGCCAUAUCGAUCAGGUUGCCAAUCGGGGAGGCAGCCUG
0.581395348837,.......((((((....)))))).....(((((((.(((((((((((...((((((.......))))))........((((((((.((..........)).)))))))).....((((((((...........).)))))))...((((((....))))))........((((.(((((....((((.......))))..)))))))))..((((((((((....(((((.(((((((((.........))))))))))))))...(((((((((((.....))))))))))).(((((..........)))))))))))))))........((((((((......))))))))....((((......))))...)))))))).)))((((((((.....)))))))).....((((((((..((((((.............)))))))))))))))))))))..........................(((((((((.........))))))))),0.248949947201,0.938417050689,0.898376622454,0.908108445879,0.968022257217,0.990407925327,0.998689007328,0.51145073682,0.203664518249,0.651162790698,0.254116710698,AGAAUCGGUCCCCCUGCGGGGGCUGGCACGUCGUGAAGUGGGCGGCCAGGCCUCUAAACUUCCUAGGGCUUUCGAAUUGCCUCCUUCCUGUCCCGGAAGGGGGGAGGCGGGGGGCUCGCCCCCCCCGAUGCUUGUGGGCGGGCGAGUGGUCACAUGGCCGCAUCCAGUGCGAGUUGGUCUUGCCCUGGGGAACGUAGGAGGGCUUUUCGCGGGCGUUCCGGGGCCGCCUCCGCCUGGCCAGAUUUGUAAUGGCCGGGUGGGGUUCGCUCGGCCGAUUUACACAAUCGGCCGGGGCAGGCUAGCCAGUUCGCCUGCCGGGAUGCCGUAGGGCAGCGGCCGGUCAAAGCCGGCCGCCUUAGGCCAAUUCCGGCCAUUGGCCGCUUUGCUACUUCCGCUACGCGCGGAAGUAAGGUGGGGGUCGCUGGCCGGUGAAGGUGACCCGCCGGCCCGACCCCCCGCGACGUUAUAUAAUCGUUGCUUAGCCUUUUUCCUUCAUAGGCAGUAUCAUUGUGAAGG
0.581395348837,.......((((((....)))))).....(((((((.(((((((((((...((((((.......))))))........((((((((.((..........)).)))))))).....((((((((...........).)))))))...((((((....))))))........((((.(((((....((((.......))))..)))))))))..((((((((((....(((((.(((((((((.........))))))))))))))...(((((((((((.....))))))))))).(((((..........)))))))))))))))........((((((((......))))))))....((((......))))...)))))))).)))((((((((.....)))))))).....((((((((..((((((.............)))))))))))))))))))))..........................(((((((((.........))))))))),0.0888964512651,0.946818926632,0.913834398195,0.928871121,0.977485926461,0.994331955875,0.998689007328,0.738147011872,0.222868896759,0.666666666667,0.140047623641,CCACGCCGUCCGCCGCUGUGGGCACACUGCGGGACUUCGCCCCGUAGUCACGUCGUCUCAACAGCGGCUUCUCUUAAGCGCGCCGAAGGCAGUAUCUACUUUGGCGCGCGUAUACCACCUCCCCCUGAGUCUGGCGGGGUGGCGCGGGCGGACAGCCGCCUUCGUGACGCGGGCUGUGGUGACCAGCCGACAGGGCUGCGCCGCCCCCGACCCAGAGGUGUCGGUACUGCUGGGCGCCAGGCCGGUGUCCUGGCGUCUGCAGUAUCCUUGGGCAUGUUCACUGCGUGCCCAAGCGGGGCUCUCAAUUGAGCCCUGCACCUUUGGGUCCCCGAAAGGUGAGACCGCUCUCGCCUUUAUCUCGCCGCUGAGCGAGGUUUACGGGGUCGGGCCACCCGCUGACCGGGUGGCAGUCGGUCGGCCUAAUUCCGAUGAUAGUGGGAAGUCGGAGGGGCCGGCGUCCUGUAGUACCUUGUGAACCGCUUGCGCCAGGGCCCCUACGACUAAGACGUGGGGGCC
0.581395348837,.......((((((....)))))).....(((((((.(((((((((((...((((((.......))))))........((((((((.((..........)).)))))))).....((((((((...........).)))))))...((((((....))))))........((((.(((((....((((.......))))..)))))))))..((((((((((....(((((.(((((((((.........))))))))))))))...(((((((((((.....))))))))))).(((((..........)))))))))))))))........((((((((......))))))))....((((......))))...)))))))).)))((((((((.....)))))))).....((((((((..((((((.............)))))))))))))))))))))..........................(((((((((.........))))))))),0.159498660295,0.953030513158,0.921474635587,0.932094808711,0.979439234847,0.994767959269,0.999563002443,0.624141714576,0.220115094576,0.635658914729,0.198458674656,GUAUGGCCGGAGCCGUGGCUCCGCUGUAGAGUCCUGUCUUGGGGGCUUGUACAGCGAGUGGAAUGCUGGAACUCUUAGCGCCCCGGUCUAGCCCUAACGGCCGGGGCGCUAGGUGUCGCGUGAGUGGUUCAGGCCGCGCGAUUGCGACAUACUACUGUGUUUUCGCGUUCCCAACCCGGGGAUGGCAACGUGGUUGCUCUCCGGCUGGGUACCGGUGGGCUCCUGCCCGGGGGCCAACAGACCUAGAGGCUGUUGGCCCCGGGCUAUCCCGAGUCCAUACCAUGGGCUCGGGAUGUCUCGCCCAAAAGGGAGACGGCCCGCCGGCGGUCCCGCAGGGGCUCCCUCAGGCCCCUGUAUAUAGCGCCAGUGUUAACGAGCCCCCGUAGAUCGGGGUGUGUUUCGCCCCGAUAUUAACGCCCGCUGUCACCGGGUCAGACCGUUGCGGUGGGCGGGCGUAGGACUCUUACGAACUAUAAGUAAAAUUUCCGUACGGCGGAGUCGCUAGCGCUCCGUCGU
0.581395348837,.......((((((....)))))).....(((((((.(((((((((((...((((((.......))))))........((((((((.((..........)).)))))))).....((((((((...........).)))))))...((((((....))))))........((((.(((((....((((.......))))..)))))))))..((((((((((....(((((.(((((((((.........))))))))))))))...(((((((((((.....))))))))))).(((((..........)))))))))))))))........((((((((......))))))))....((((......))))...)))))))).)))((((((((.....)))))))).....((((((((..((((((.............)))))))))))))))))))))..........................(((((((((.........))))))))),0.102713469826,0.953198378428,0.92203726685,0.931974332027,0.977592553701,0.991987372147,0.996941017098,0.634044274635,0.233695615555,0.643410852713,0.157875695856,UUUUUAAGUCCUCUCCCGAGGGCGCAGCUUGCGCCGUUACCGUUUGCAUAUCCCAGUUGGUCCCUGGGCACCCGCCGCUGCCGCGGCGAAGGUCAGCAUGGCGCGGCGGCUCGCCCAGCCUUCCUAACCAGUGGGGGGCUGGUAUGCUAGGACCACCUAGCGGCUAAGGGCAUGAGGGACUAUGGAGGGAUACACUCCAUUCCCGGUGCGAUCAGGGUCGGGGCCAGGGGUGCCUAUACGGCAACAUGUCGUGUAGGCCCCCUUCGGGCCCCGGGUGCCAGUCACCCGGGGCUCGCCCCUUGCAGGGAUGGGGCCCGACUCUGAACCAUGAUUCGUCCGUUGGAUAACGGACGACGCCGCACGAGUAGGUGUCGAGUGAGCGGCUGAGCCCUGGCUGAUGGCCAGGGCUUCCCAAGGCUACCUAUGCUGUGUAUCGUUGGACCAGUGUGUAGCUUUGGCGCGAGGCACAACAUUGAUGGCGCGAGCGUAUGGCUCCCGCCGCCACGACGGGAGCCA
0.581395348837,.......((((((....)))))).....(((((((.(((((((((((...((((((.......))))))........((((((((.((..........)).)))))))).....((((((((...........).)))))))...((((((....))))))........((((.(((((....((((.......))))..)))))))))..((((((((((....(((((.(((((((((.........))))))))))))))...(((((((((((.....))))))))))).(((((..........)))))))))))))))........((((((((......))))))))....((((......))))...)))))))).)))((((((((.....)))))))).....((((((((..((((((.............)))))))))))))))))))))..........................(((((((((.........))))))))),0.161270811686,0.936038813422,0.898263323151,0.913092011955,0.966908749855,0.988499344993,0.997378014655,0.515437342503,0.200649360558,0.672480620155,0.185497743805,CCAGGGAGCCCUGGUGUUAGGGCCGGCAGGGGCGGCCCUGGAGGGGUCCACCCGCUGACGAGCGGCGGGCUUCCUAGCGUCUACCCCCCACCGGUCACGGGGGUAGACGCCAAGCACAAAGGCGCCUCGAGAUCAUUUUGUGGUCGCGGAGUGACCUCCGCGCAUAAGUGCUGGGGACGAUUUCCCAAGAAAUGUGGGUUUGUCCCGGCCUGAGGGGGCUCCUGCCUCUCGAGGGGCCCCUUUAUUACAGGGGCCCCUGGGGGGAUAGCUCCCGCCCGUCUCGGGCGGGAGCUGGGGCUUGCCCCUGCCGGCCUGGGCCCCCUCACUACGAGGGCCCCCCAUGCUUGGGGGGCCCGCGGGGUAGUUUAGCCCAAUGCCCCUCCCGGGCGCAGCUUUCUCCGGGCUGCGGAAGACUCCGCGGAGGGCCGGGGUGAGUCGACGACCGGCUCCGUGGAGCUGCCUCACCCCGUGUGUGAAAUCAACAACCAAAUCCGUAUGGGACUUAGAUAUACGGAU
0.581395348837,.......((((((....)))))).....(((((((.(((((((((((...((((((.......))))))........((((((((.((..........)).)))))))).....((((((((...........).)))))))...((((((....))))))........((((.(((((....((((.......))))..)))))))))..((((((((((....(((((.(((((((((.........))))))))))))))...(((((((((((.....))))))))))).(((((..........)))))))))))))))........((((((((......))))))))....((((......))))...)))))))).)))((((((((.....)))))))).....((((((((..((((((.............)))))))))))))))))))))..........................(((((((((.........))))))))),0.131060044305,0.955013299394,0.924743624204,0.924571308169,0.9752532932,0.991715935509,0.998689007328,0.765336970498,0.196733201264,0.647286821705,0.205613689532,UUUGUAACCUGCAGGGGUGCAGGCCACGGCCCCGAAACAAUGGGGGAGGCUACACUGCGAGCCGGUGUUUCUAAUAUGGGGGCCGGCUCCACCCUUGGGGACGGCCUCUUCCCGCGGGCUCGGGCCCGUCAGGCUGAGCCUGUCGUGUGCGGAGCCGCACGGCAUCCUCUCUCUCCUAGUCAUGGAGGACAUGCCUCUUGCUGGGGGGAGAGCCCGACUGCCAGCACGAUGACGCUGAGCCGGCCCGUGGUUUAGCGUGUCGUUAACGGUCUCGGGCUGUUCGCCCGAGACCGUCGUCCUAGUUACCGAGGAUGGCGGUUGGGCUCGGAAACUAGCGAGGGGAAUACCUCGCUGCGGGGUCGCGCCUAUGACAUUUCCCCCAUAUGUCGCCGGACAGCCCGUCUGGCGUGGGUUGGCGCCCCAGUGACGUGGGGAAAGGUAGCGUCGCGGGCGCCAUCGGGGUGAAUCUGAUUAUACUGCAACAAGUGAGUGGGCCGGUCGGGACAGCCGGUCCAC
0.581395348837,.......((((((....)))))).....(((((((.(((((((((((...((((((.......))))))........((((((((.((..........)).)))))))).....((((((((...........).)))))))...((((((....))))))........((((.(((((....((((.......))))..)))))))))..((((((((((....(((((.(((((((((.........))))))))))))))...(((((((((((.....))))))))))).(((((..........)))))))))))))))........((((((((......))))))))....((((......))))...)))))))).)))((((((((.....)))))))).....((((((((..((((((.............)))))))))))))))))))))..........................(((((((((.........))))))))),0.141771806448,0.958436347146,0.929183865824,0.937758842017,0.979874248323,0.994331955875,0.998689007328,0.741937481162,0.141851863155,0.618217054264,0.192307597951,UGUGGACCCCCCCAGUCGGGGGGACUCUGGCCCCCGUGCCUCCCGGCACAGCCCAUUAGCGGAAUGGGUAAAUAUCAGACAUUGGGGCCACUGCCCAAGCUCCGAUGUUAGACUGACCCCGAUAGAUAGACGCUUUGGGGUCUGCCCAGCCACCGGGCUGGCGUUAUCGGGAGUUGCUGAUUGGGCGGUAUACUCGCCCGCAGCGUUCCUGGCCCCUCCAAGAUGGCAGUGUAGGACGUGAAUGCCGUGCAUGUCCUAAUUGCUCGACGCCCUCCUGCUCCCCGGGAGGGUGUGGCUCACGUGGUGCCUUGAGCUUGGAGGGGUUGAAUACUUCCAGGGGUCCUUCCCCCUGGGAUGUUUCCCAGGCAGGAACUCGCCGGGAGAGCGCUGGGCGGUGAUCCCGCCCGGCAUAUUGGGGUCAAUCCAGGUACGGUUAGGACAAGCCUGGUGACCCCAGGGGGCUGAAGUACAUGCCGCGAUUUCAAGACGGCCCUACACCACAGUUUUGUGUGGGGU
0.581395348837,.......((((((....)))))).....(((((((.(((((((((((...((((((.......))))))........((((((((.((..........)).)))))))).....((((((((...........).)))))))...((((((....))))))........((((.(((((....((((.......))))..)))))))))..((((((((((....(((((.(((((((((.........))))))))))))))...(((((((((((.....))))))))))).(((((..........)))))))))))))))........((((((((......))))))))....((((......))))...)))))))).)))((((((((.....)))))))).....((((((((..((((((.............)))))))))))))))))))))..........................(((((((((.........))))))))),0.0609655115599,0.928535128921,0.894096341776,0.909920749357,0.967201291626,0.989971921933,0.997815012213,0.500730627033,0.228351457591,0.670542635659,0.103740964133,UAAGUAGGGGGGCGUAAGCCCUCCCAGUCCCACCUUGGGGCCGGUGGCCAAGCGAUUCCGUUGGUCGCCUACAAGCCCACAUCGCCGAAGUACGGUGAUCGGCGAUGUGUGCUGGGGGCGAGCGGUCUUACGUCAUCGCCCCAUCGGCGGCACUUGCCGCCCUGUAUGCGGACCGGGGGUAGCCGCGGUGGGCCCGCGGUUCCCCGUCUCGUGGCCGGGCAGGCCACAAGCUGCCCGAGCGUCAGAUCUGCUCGGGCACUUGUUGACCGGGUCCCAGGCACUCUGGGACCCGGGUGGGCAAACACCACGGCCCGUGUCUGGCCACCAGAAGGGUCCGGGGUUGUCACCCCGGGCCAGUGGCCACCGCGGGCCAAGCCACCGGCCCCCGUCUCACUGUGUGAGUGGGAUCCGUUUGGCCUGUAGUGUGGGGGUCCCCAUCAACCCCGUAACAGGUCGGGGUGGGUGAUUGUGAAAACACCGAGAGGCAACUAGCUGGGGUCGUAAGGUCUCCGGCUA
0.581395348837,.......((((((....)))))).....(((((((.(((((((((((...((((((.......))))))........((((((((.((..........)).)))))))).....((((((((...........).)))))))...((((((....))))))........((((.(((((....((((.......))))..)))))))))..((((((((((....(((((.(((((((((.........))))))))))))))...(((((((((((.....))))))))))).(((((..........)))))))))))))))........((((((((......))))))))....((((......))))...)))))))).)))((((((((.....)))))))).....((((((((..((((((.............)))))))))))))))))))))..........................(((((((((.........))))))))),0.211714386442,0.972290669869,0.936411157671,0.940092801978,0.983411922014,0.997819983029,1.0,0.650400411916,0.15868503171,0.587209302326,0.276823703984,UCGGGCAGCUCUACCGAUAGAGUUCUGAGUGCGGGGCAGUUUGCCGAAGAGGGUUGAACUUUAUAGCCUAAUAAUGGUCCGCCGCCGGGACGAAAGUACUAGCGGUGGGAAAGGAAACAUGAAGAUAUUCCUCUCCAUGUUUAGGCCCCCCUUAAGGGGGGGGACAACUGCCCGUGAGCCACGUGGGGACGGCCCUCACAGCUCCGGGCGUAGGGUGCUGUUACGCCAUGCCCGCGGCGGGUUUUGUUACUGCCGCGGUAUGGACUUGCCGCACGUGAUAUUCAUGUGCGGCACAGUCUGAAUUAAGCGAGACUACAGCGCCCUCCAUUGCAUAGUGGGUAGCCAGGCCUACUAGUCAUUGCCUUUGUGCGAUCAUCGGCAAAGCUGUGGCCGCGUGACGUGCGGCUAUACAGGGGAGUGGGGGCCAGCACUAGUGCCUGGGGCUGGCCCGCUCCUUCCGCACGAUCGAAUGAUAUAACCCGCUUCGCUGGGUUAGGUGCCGCUUACGCCUGAUCC
0.581395348837,.......((((((....)))))).....(((((((.(((((((((((...((((((.......))))))........((((((((.((..........)).)))))))).....((((((((...........).)))))))...((((((....))))))........((((.(((((....((((.......))))..)))))))))..((((((((((....(((((.(((((((((.........))))))))))))))...(((((((((((.....))))))))))).(((((..........)))))))))))))))........((((((((......))))))))....((((......))))...)))))))).)))((((((((.....)))))))).....((((((((..((((((.............)))))))))))))))))))))..........................(((((((((.........))))))))),0.192845130511,0.948578724192,0.909901577698,0.916673499252,0.97104563014,0.991115365359,0.997815012213,0.565788469426,0.209854700199,0.653100775194,0.236461279845,AGCACAGAGACGUAGCUGCGUUUAUGGUGCUCGGUAUAGCGGUCGCGUAGACGGCUAACGAACGGCCGCAUUACCAUGAUGCCUGGGGGUAGCUUACCCCUUAGGCAUUUUUCAUGGGCGACUCCACGGGAUGGGUCGCCCAGGGGUGGGCCUCUGCCCGCGAGCUGCCAGGGACGGGGAACUAGUCCUACAGAGAUUGUCCUCGCCCUGUGGGGGUGCCAGCUUCCUGAGGCCGGUGCGGGACCUGAUCGUACCGGCUUGGGUCAGGCUGGGGGUCGCGACGGCCCCCAGCCUAGGGCCAACGCGGUAGCCCUUGGCACCCCCAAUCAAAUGGGGGGAGUUGAGGUUCCUCUCAUCCCGGCUUCCCAGCCGGUGCGCGGCCGGCUAGGUCGCGCCGGGCGUGCGACUAGCUGGUGACUCCUGUGCGCCACAAAGCCCCGGGGGCGUGGGGGUCAUACUGAGUUGCCACUUAGCACUCCGACCUUGUGGGCCCAGGCUAAUUUCCCCGGCCUGGGU
0.581395348837,.......((((((....)))))).....(((((((.(((((((((((...((((((.......))))))........((((((((.((..........)).)))))))).....((((((((...........).)))))))...((((((....))))))........((((.(((((....((((.......))))..)))))))))..((((((((((....(((((.(((((((((.........))))))))))))))...(((((((((((.....))))))))))).(((((..........)))))))))))))))........((((((((......))))))))....((((......))))...)))))))).)))((((((((.....)))))))).....((((((((..((((((.............)))))))))))))))))))))..........................(((((((((.........))))))))),0.101571499224,0.956640946973,0.92155418925,0.934174628357,0.983141101656,0.996075969452,0.998689007328,0.773658065261,0.194846396286,0.625968992248,0.170918971605,AAUCAUUGGCGUUUCUGGACGUCAGUCUGCCGGUAACGGCGGAACCGCUUAGUCUGAACCUCUCGGGCAGUUCCGGCGCCCGGCCUGGGGCGGCAGCUCUUGGCUGGGCUCCCCGUGCUAUUCUGCGAUUCACGGGUGGCGCCUAGAGCCGUGAAUGGCUCAUACUCACCCCUCAUUCCGCAAGCCGGUUGCCCCGGCUGGGGAAGGGGUUGCGCCCGGGAAAAUUGGAAGGUAACCCUGAUUACAUGCCGGGGUUACUUCCAUUGUGCCUGCGUUAAUCAGUAGCGCAGGCGCCGAGCGAAUUAACGUGCUUGUCCCGGGCGCGCGAGGAAUCGCCAGGCUACCGCCUGGCGAGCGUUCGCCGAUGGGCGAAAACGGUUCCGUCCGGGGCCUCCCAUAAGGAGGCCUCAACGGAAGGGGUGAGCGGCCGCGACCACCCUAUGGCCGCACCCCUUUUACCGGCCUAGAUCUUUUCAUGCGAAUGUGGAAGUGGUGGGGAGGGAUGGUCCCCACCAU
0.581395348837,.......((((((....)))))).....(((((((.(((((((((((...((((((.......))))))........((((((((.((..........)).)))))))).....((((((((...........).)))))))...((((((....))))))........((((.(((((....((((.......))))..)))))))))..((((((((((....(((((.(((((((((.........))))))))))))))...(((((((((((.....))))))))))).(((((..........)))))))))))))))........((((((((......))))))))....((((......))))...)))))))).)))((((((((.....)))))))).....((((((((..((((((.............)))))))))))))))))))))..........................(((((((((.........))))))))),0.214160913062,0.954083079328,0.911561436423,0.921660576073,0.974982472842,0.991115365359,0.996067021983,0.639354826268,0.197678778904,0.624031007752,0.24967353381,CACUUCUGCCGUCGGAGGACGGCCCAGGCGCGGCCUGACGCCGUGCGGUACGCGUUCGCUUUUAGCGCCACGGUCCCGCUGGUCCCCCCCACCACUGUGGAGGGCCAGUUUACAGGGCUCGAGAUGAGGGGGCUGCGGGCCCCAGCCCAGUUACUACUGGGCAUUGUACGUUAGUAUUAUUUCCCCCCCAUUUAGGGGGGUGGUCUGACUUUCCCUGGCCUUCGAUGGGGACGCCCACUCUGCUCCGUCGGGUGGGCGCCCCGAAAUCCCCCAAACUGGGAAAGUUUGGGGGAAGGUGGAGGGGUAACGCCAUCAGGCCAGGGAUCUUCGUAUCCGACCUCCGUCAGGGUCGGGGCAGUGCGGAUCAUCGCGUGACGCACGGUGGUCUGCGUCGAGAGAAUCGACGCGGUGAUAUUACGUGAUGCCACUCCCACUAGAAAGCGGUGGUCACGUGAUGGCUGCGGCUAGAAGGCCUGAUGGGGGAAUCCAUGGUAUCGAUAAGGGUAAUCGGUGCCG
0.581395348837,.......((((((....)))))).....(((((((.(((((((((((...((((((.......))))))........((((((((.((..........)).)))))))).....((((((((...........).)))))))...((((((....))))))........((((.(((((....((((.......))))..)))))))))..((((((((((....(((((.(((((((((.........))))))))))))))...(((((((((((.....))))))))))).(((((..........)))))))))))))))........((((((((......))))))))....((((......))))...)))))))).)))((((((((.....)))))))).....((((((((..((((((.............)))))))))))))))))))))..........................(((((((((.........))))))))),0.0762752383403,0.952770819274,0.910512013267,0.92030453222,0.967529677862,0.989099915144,0.997378014655,0.640741983653,0.224688834631,0.639534883721,0.137855779388,ACCAAGUUUCGUCAAUGGACGAACUGAUGGCUGCCAGCACUGCCCGCAUUCGAUAGUCCCGCUCUGUCCACCAGAACUGUCUCCGGACCGUCCUCCUGGUCCGGGGACGAAAGUGCGGGCGCUCCUAUAUAUUGGCGCCCGCAUAGUGCUGUGACUAGCACUGCGUCUUGCUGUAGUUGGCGCGGGGGGUGCCUCCCUCUCGGCGCGGCAUCCUCUGUCUGGAGCAGCGGUGGCGCUCUCGCUAGCUAUGAGGGCGCUUCGCUCCCCGGGCGGCCGAAGUUAUCGGCCGCCCGAGAGCCAGCUAAAGUGGGUUUUAGGCGGAGGGAUUAUAGGCCCCGGCAUAUUAGCCGGGGCCACAGCGCGAGGCCGCGCUCUGCGGGUAGGUGCAGCGGGUACACACUGCCCGCUAGGUGGCAGUCUGGAGGCGUGCAGCUAGCUUGGCUGCGCCUAGACUGCGGCAGCCCCUAAGAUGAAUCGUGACCUCACGAUCCCUCCUGCCUCCGUAGUGCAGGAGGG
0.581395348837,.......((((((....)))))).....(((((((.(((((((((((...((((((.......))))))........((((((((.((..........)).)))))))).....((((((((...........).)))))))...((((((....))))))........((((.(((((....((((.......))))..)))))))))..((((((((((....(((((.(((((((((.........))))))))))))))...(((((((((((.....))))))))))).(((((..........)))))))))))))))........((((((((......))))))))....((((......))))...)))))))).)))((((((((.....)))))))).....((((((((..((((((.............)))))))))))))))))))))..........................(((((((((.........))))))))),0.108726803197,0.95299153102,0.915516706904,0.922887026693,0.969540552127,0.987462771448,0.995193026868,0.623961384075,0.234788550107,0.639534883721,0.163803995044,CAUUCCCGUGGUACUACUGCCGCCAGAAGGGGGGCGCCGGGAGGGCAUAGUGUUGUUGGAUUCACAAUUCACAGGUCGUUCCUGAAGCCGGCCCGGGAGCUUCGGGGACGACUUCCGGUCUUAUCAAGGUAGUAAAGACCGGAAUGGCCGGGCAUCCGGCUAUUCCACCACUCCUCUCGGAGGGGCCCAGCCACGGCCCACGGGCGGGUUUGGCCCAGCAGGCUGCCGCUUAGCCCCAGUUACGUAUUGACUGGGGCUGGCGGUAUGGGACGUCCCUAUGCCGGGGACGUCCCGGCGUCGGGCUGCCGCGGCGCCUGCUGGGCUUAUUGGAACACCAGCAAUGCCCUGCUGGUGCGCUGUGCAGGGGCGUACGAAUGCCCUCCAUGGUCCCUGGUCGUUGACUAGGGGGUUUGCCCAGCGUCCCCUGCUAUGCUUGGGCCGCGGCGGGACGCUGGGGCCCUCCGCGCGAUAACGAAUAGCCUAAACAGCACGUCUGUGUAGCUUAAUCACGGAUGU
0.581395348837,.......((((((....)))))).....(((((((.(((((((((((...((((((.......))))))........((((((((.((..........)).)))))))).....((((((((...........).)))))))...((((((....))))))........((((.(((((....((((.......))))..)))))))))..((((((((((....(((((.(((((((((.........))))))))))))))...(((((((((((.....))))))))))).(((((..........)))))))))))))))........((((((((......))))))))....((((......))))...)))))))).)))((((((((.....)))))))).....((((((((..((((((.............)))))))))))))))))))))..........................(((((((((.........))))))))),0.0918306441277,0.952972485977,0.914833520653,0.924792564681,0.976123320153,0.995639966058,1.0,0.575255446974,0.203931176165,0.624031007752,0.144284627597,CCUGAUUCUCCCGGGUCUGGGGGGAGAUGCGGGGUAGGGCCCGCCUUGCAGGCGGUUUUAACCGCCGUGUCCAUGGAGGGGGUCUCCCUUACAAACGUGGUGGGCCCCCUCCUGGGCCUGGGAGGCUAUAACCCCCUGGGCUAGAUCGGCGGAAUCGCCGGAGUUCCAUGUCCGAGAGGAUGUGGGGGUAAACCCCCCCGCUUCUGGACUCUGGCUGUGGGGUUGGGGAUCGGGGGUAUGGUUGAGUCGCAUGCCCCCGUCCCGCAGUGGGACGCCUACGGUAGGUGUCUCACGGGGCCCCACACGCUCGGCCUCCCAUAGCCGGGAGUGACGACUCGUAACAUUGUGCGGGUCGAGCAGGGAGCAAACCCUUUUAGGGCGGGGCCUAGCACGCCUUACCGGCGUGCUGGGAUGGCUGUUAAUGGCUGACGCAUUAGUUACUUCAGCCUGACGGCUACUCCGCAUUGUUAAAUCUUUAGAAGGAGUUCUAGUUGCCGCGCCUAGUUGGCGGUAGCU
0.581395348837,.......((((((....)))))).....(((((((.(((((((((((...((((((.......))))))........((((((((.((..........)).)))))))).....((((((((...........).)))))))...((((((....))))))........((((.(((((....((((.......))))..)))))))))..((((((((((....(((((.(((((((((.........))))))))))))))...(((((((((((.....))))))))))).(((((..........)))))))))))))))........((((((((......))))))))....((((......))))...)))))))).)))((((((((.....)))))))).....((((((((..((((((.............)))))))))))))))))))))..........................(((((((((.........))))))))),0.141448481583,0.954755244135,0.925490673375,0.935381537667,0.980473454918,0.994331955875,0.998689007328,0.647632526538,0.206859926684,0.645348837209,0.203138658117,GGCAAGGAGGACUCAGAGGUCUUCCGGCGACGUGACUGGAGCCGCGCCGUUUAUCCGAAUGCGGGGUAUGUUCGCAUGGCCUAGGGGAGCAAGUUCAAUUUCCUGGGCUCGUCGCCUACCUUUUACAAUUAACGGGGGUGGGGGUCUCCCCUUCCGGGGAGUUAGCCCUCUCGUUGGUAAUCUCCGCCCUGGCUGUGGACUACUUCGAGUGCCCAUCGAGCCCGCGUCCCUGGCUCCGGAACAAGAAACUCUGGAGCCGGGACGCGUCCGCGAGCUUACUCCAGGCUCGCGGAUGCCAGUCUGCGGCCCCUGGUGCUCGGUGGGCUCUUUACCGCCCCCCUGCUAAGGGGGGUGCGUCGGCGACACCUCGCCAGGGCGCGGCUGCCACCCCAACCGUCCGGGUUGGGGGCAGCCACUGGCCUUAGGACGAGGGCAGACGAUGCGUCCUGGCCAGUGUUGCGUCCCGUUUACGAUACGGUACUAACGUUUUGGCGACCCACCUGAAGCGGGUCGCCG
0.581395348837,.......((((((....)))))).....(((((((.(((((((((((...((((((.......))))))........((((((((.((..........)).)))))))).....((((((((...........).)))))))...((((((....))))))........((((.(((((....((((.......))))..)))))))))..((((((((((....(((((.(((((((((.........))))))))))))))...(((((((((((.....))))))))))).(((((..........)))))))))))))))........((((((((......))))))))....((((......))))...)))))))).)))((((((((.....)))))))).....((((((((..((((((.............)))))))))))))))))))))..........................(((((((((.........))))))))),0.135883853976,0.96022938293,0.928398380037,0.935746918395,0.979554366604,0.993459949086,0.997378014655,0.692148401866,0.197158081705,0.625968992248,0.190259891032,CGAGGCUGACCCCAGGAGGGGUUAAACAGCCCCACACUGCGCAGGCACAGCUAGGUCCUCCUUGCCUACACGAAGCGCCCUAGGUUCUUGAUGGGAACAGCACCUAGGGUGCCACCCGACAGAGUCAACACACCAUGUUGGGUAACCCCGGUGACCCGGGGGGCCGCUACCGGGAGGUGGGCCGGACUCUGUACGUCUCACACCACCGGACGGGGUUUAGGAGUCUCUGCACACGCCGUUUAGGAGUUCGGCGGCGUGGCGGAUCACCUCGCGGCCCAUGAUGGGCCGCGAGGACCGGCGUGCGACGAUGCCGGUCUGAGCUCCCUGGUGGAGGCAUCUGGGUUGCUAGAUGCUUAUUGUCAAAUGCAUGGCCUAUGUCUGUGCCAGUGGGGCAGGUCAACUGCCCUACCGUCGGCUCCCCACCCUGGUGUUGAAAUAAUUCACUAGGGGGGGGCCGUGGGGUGGUGUAAAAUCGCCUCCUCUAAAUCGGCGCAAGGCCACGAGUUGGCCUUGCGC
0.581395348837,.......((((((....)))))).....(((((((.(((((((((((...((((((.......))))))........((((((((.((..........)).)))))))).....((((((((...........).)))))))...((((((....))))))........((((.(((((....((((.......))))..)))))))))..((((((((((....(((((.(((((((((.........))))))))))))))...(((((((((((.....))))))))))).(((((..........)))))))))))))))........((((((((......))))))))....((((......))))...)))))))).)))((((((((.....)))))))).....((((((((..((((((.............)))))))))))))))))))))..........................(((((((((.........))))))))),0.0912968706381,0.955213165508,0.919477702031,0.926892081183,0.973704772361,0.991551368753,0.998689007328,0.81459104442,0.168531457861,0.645348837209,0.144061803233,GGGAACUAGAGACGUGGGUCUUUGGUGAGGGGGGCCGCCGGGCCCGGCUUAGGCUCCCGUACUGAGCCUGCGAAGGACGCCACCUCGCCUUUCGCGCGGCGGGGUGGCGCAUUCCACGUUUUUUGAGUUUGUAAGGAACGUGGUCCCCGCCCCUCGGCGGGUCGCCACUCGCGGCGCCCCCCGGGCAAUUAGACUGCUAUGGGUACGCGUGUCCUCGGCCCCCCCAAGAUGCGAGCGCGGGGAGAGUAUCCGCGCUCGGUCUUUCACAUAGACCCCCCUGUAGGGGGUCUAUGCGCUGCGAGCAAAGCCGUAGCGGGCCGAGGAAAUAUUGUGCCCCCUGCGCACGCAGGGGGUCCCCUGCGACCAAUCGCACCACUGGGCCUUGGCCUUCAUAACCCGAUUAUGAAGUGUUGACCCGCGCGACGCUGUACUAUACAAGAGCGCAGCGGCGCGGGUGCCCCCCUAGUUCGAUACCAGUCUUGGUGUACUCACCCAGCCUGUUACAGUGGCUGGGUG
0.581395348837,.......((((((....)))))).....(((((((.(((((((((((...((((((.......))))))........((((((((.((..........)).)))))))).....((((((((...........).)))))))...((((((....))))))........((((.(((((....((((.......))))..)))))))))..((((((((((....(((((.(((((((((.........))))))))))))))...(((((((((((.....))))))))))).(((((..........)))))))))))))))........((((((((......))))))))....((((......))))...)))))))).)))((((((((.....)))))))).....((((((((..((((((.............)))))))))))))))))))))..........................(((((((((.........))))))))),0.111259895455,0.965998970732,0.931535784173,0.937346486433,0.980366827678,0.993895952481,0.99825200977,0.700888943238,0.228120493649,0.62984496124,0.169598197062,GAAAAACAUGCGCCAAGGCGCGUUACAUAUCCCCGGGCCGGCUCGUCAGGCAGUUCAGUAGACGAGCUAUUGACGCCCCGACCCGAGGGAUGCGACUCCCAUGGGUCGGCGCCUCUCGGACUGUGCUGGUCACAAGUCUGAGGCCUCCGGGCUCACUCGGAGCUUAUUGGUACUACUGGGUCCGCUAAUUAGUGUAGUAGCCAGGGUAUGUGCGCGCCGCGGGUCGUCCUUAAUUGAACCCGAGGAGACGGUUCAAUUAGGGCGCCACGCAAGAGGCGAGGCGCCUCUUGUGUCGGCGAAAUGAACACAUCGCCCGUGGCGUGCACGCCACAUCAGCGGGUGGGGCCCCGCUGGAGGUGUUCUGUCUAGAAUCCUGACGGGCUCGGUGGGGGGCUCCCAUAGCCCCCCGACACGCCGGCUUGACCGUGCUCAUGAGAUUGAUGCACGGGAGCCGGUCGGGGAUAAGUUAUGGCCCACCCGCGCGGGUCCCCUUGCGGUUUCUAUCUCGCCGCGAGG
0.581395348837,.......((((((....)))))).....(((((((.(((((((((((...((((((.......))))))........((((((((.((..........)).)))))))).....((((((((...........).)))))))...((((((....))))))........((((.(((((....((((.......))))..)))))))))..((((((((((....(((((.(((((((((.........))))))))))))))...(((((((((((.....))))))))))).(((((..........)))))))))))))))........((((((((......))))))))....((((......))))...)))))))).)))((((((((.....)))))))).....((((((((..((((((.............)))))))))))))))))))))..........................(((((((((.........))))))))),0.156224977718,0.954437218234,0.91991727808,0.935552939882,0.981565240868,0.994331955875,0.998689007328,0.720206441363,0.157546808005,0.635658914729,0.204934770768,ACAUUUAGACCCGUAGGUGGGUCUAAAAGCGGCCCAGCGCCGAUUCGCUGGGCGCGCGAGCACCGUGCGUGAUGAGCAUUCUCCGGCGGCGGACGAAGCGACGGGGAAUCUUUUGGGGUACUCUAGAUAAUCUACGUGCCCCGUCGGCUCGGACACGAGCCGUCCGGUAUCGGCAGCCCGAUUUCAGGUCCAGAUUGGAUGGGCGCCGGCCGUCUCGCGCAGCAUAGGGAGGCCUCCCCCACUCCUACUGGGGGGGGCUCCCUUAAAGUUCGGGGGUUGGGAAUCUCUGGGCUCUGGUCCUCUAUUACAGGCCAUGCGCGAGACAAAUAAAAGCCCGCUGUCACGUCAGCGGGCCAUUGCGUUCCGAAACGCGAACGAAUCGGGUGCCCGGGCGAAGUGGUUGCCCGGCUCUCCGGCAGGCGGGCCAGCCUGAUAGAUGGAUGUUGGCGUCUGCCGGGGCCGCGCAUAAGGUCGUCGCUUAUGUAGCUGGGGGCUGGCUCCAUAGGCGCCAGUCCC
0.581395348837,.......((((((....)))))).....(((((((.(((((((((((...((((((.......))))))........((((((((.((..........)).)))))))).....((((((((...........).)))))))...((((((....))))))........((((.(((((....((((.......))))..)))))))))..((((((((((....(((((.(((((((((.........))))))))))))))...(((((((((((.....))))))))))).(((((..........)))))))))))))))........((((((((......))))))))....((((......))))...)))))))).)))((((((((.....)))))))).....((((((((..((((((.............)))))))))))))))))))))..........................(((((((((.........))))))))),0.128244561845,0.957261962669,0.919094949975,0.928990098102,0.978191760296,0.993459949086,0.99825200977,0.725284438675,0.187260176166,0.596899224806,0.193770826456,UGCCUAUGUGCGUUUUUGCGCAUGGUAUCGGUCCGGGCAUCCGGGUUGUUACCCUAAAUUUGCUGGGGUUUUGGACUGUGUAGGCCAGGUAGCGGCUUCUGGCUUAUAUUAAGUUCGGCGGGGGCUUGCCUGACGUCGCCGGGAUUUGGUUCGCCGGCCGAACCCACAGCUUACUGUCGAAGUGCUCCAUCUCUGGGUUUCGACUUGAGGUGGGGGGGAGCCGCGGAGGUUGCCAGUUUGCCUGCUGGUUAGACUGGCGCCUCAAAGCCGGGGUGUUCUUAUAGCACCCCGGUGGGGCCACUCUUACUAGGUCCGCUCCCCCUUAAAUUCUCGCCAGACCUUCUACGGUCUGGCUCGGGUCUAUUGGUAGAUCGCGACCCGGACUGCUCCCCCCGGGAAGUGGGGGGAUAUGAUCCCGGGCAUGGGUCCAUCUUUGUAACGUGGGCCUGCCCGGGGCGGGCCGCAUUAGCACAUUAACACAGUAACGGGAAUGGUGCCGACUGGCCUGGCGCCAUU
0.581395348837,.......((((((....)))))).....(((((((.(((((((((((...((((((.......))))))........((((((((.((..........)).)))))))).....((((((((...........).)))))))...((((((....))))))........((((.(((((....((((.......))))..)))))))))..((((((((((....(((((.(((((((((.........))))))))))))))...(((((((((((.....))))))))))).(((((..........)))))))))))))))........((((((((......))))))))....((((......))))...)))))))).)))((((((((.....)))))))).....((((((((..((((((.............)))))))))))))))))))))..........................(((((((((.........))))))))),0.240075146013,0.959663686235,0.925626288227,0.934848705399,0.983411922014,0.99694797624,0.999563002443,0.600050544339,0.155572441407,0.631782945736,0.301377914906,AGUCUGUAAAGGUUCCCGCCUUUGACCGGCGGGGUGAGGACGACCCGUGCAGCGUGUUCGUGGCACGCAACGUCAGGGGGUCCCGGGAGAUACCAUGAUUACGGGGCCUGAAAAGGCCCCCGCACACGCCCGCUGGGGGGUUUUCGGUCCCAAAUGGGACUACCCGUCAAGCUUGACGUGCGUGAGUUUUGGUGACUUGGGCGUAAGCUCAGGCGUGCACGGUGAGCGCGCGGCGGUGCCUUCUGUGCCGGUGCCGUCCGCGCAGAGCGGGCCCCCGUAUGACGGGGGCCCGUAGUGACAGAUCGAGAUGUUACCGUGCGCGCCGUCGUCUAGUUCCGGAGCUCGCUCUGGAAUCACAGGCUACGUUUGGUCCACCGGGUCGUUCCUAGCCCGCCGAUACGGCGGGCUUUUGAAGCGGCUGAUUCUCCUAUGUGGCCUCUCCAGGAGGCGGCUGCUACCCCGCAUUUACGAUGCGUAGAACAAACUAAGCGUGCGGGUUAUGCGGAGACCCGCAUG
0.581395348837,.......((((((....)))))).....(((((((.(((((((((((...((((((.......))))))........((((((((.((..........)).)))))))).....((((((((...........).)))))))...((((((....))))))........((((.(((((....((((.......))))..)))))))))..((((((((((....(((((.(((((((((.........))))))))))))))...(((((((((((.....))))))))))).(((((..........)))))))))))))))........((((((((......))))))))....((((......))))...)))))))).)))((((((((.....)))))))).....((((((((..((((((.............)))))))))))))))))))))..........................(((((((((.........))))))))),0.109609450762,0.944731485159,0.905727351076,0.916567113619,0.974112445889,0.992859378936,0.997815012213,0.73887864835,0.209105700981,0.660852713178,0.156119908632,UGUCGGAGACGGCGUUAGCCGUUACACCUGCGCCCAUGGCGCCCCGUAGAACCGGGCGCUUGGCCCGGGCGGAUCCAGGCCGGCGGGGGAAGGCGGGCCCCCGUCGGCUAUGAUACCUUGGGGGGGGAGAUCACCUCGGGGUGUACCUCCUCCAAGGGAGGCCUGACGAGGCGACCCGGCGGGGGGCCUACAGGGCCCCCCCGGGUGCCGCAGUGCCUGAGGAGUCCGCCCGGCGGUUGUUCUCUUUUUACGACCGCUGGCGGCGAGCCAGCCGGUGUAGUCCACCGGCUGGCGCCAGAGGCAUUCUCGUUUGGCUCAGGUACUGUAACCCCGCUGACCUAUAUCCAGGUCAGCGACGGAGGCUAUACCCUCUUCACGGGGCGGCUACCGCUCCUCAGCAGGGAGUGGAGACUGGACGCAGUUCCCUCGGGUUGAAAUAAGGCGAGGGCUGCGUUCGGGCGCAGGGUAAUAAAAACAACCACGUGAAAUAGCCUCACCUUCAGUGGCGGUGAGGCU
0.581395348837,.......((((((....)))))).....(((((((.(((((((((((...((((((.......))))))........((((((((.((..........)).)))))))).....((((((((...........).)))))))...((((((....))))))........((((.(((((....((((.......))))..)))))))))..((((((((((....(((((.(((((((((.........))))))))))))))...(((((((((((.....))))))))))).(((((..........)))))))))))))))........((((((((......))))))))....((((......))))...)))))))).)))((((((((.....)))))))).....((((((((..((((((.............)))))))))))))))))))))..........................(((((((((.........))))))))),0.131804036097,0.948171757689,0.908124171155,0.917617783,0.966118010193,0.98719133481,0.996067021983,0.725470267765,0.183994287685,0.641472868217,0.190000152138,CGCAAUAUGCCGUCUACGCGGCGAUUAGCGCGGGGACAUACGACCUCUUCUGUGGUAUCUGUUACCGCCCCUUCCGACCGGGUCCCGCCUCCCCGCCUGUAGGGCCCGGUAAAUUCGGCCCCGCGUUGAAACUGAGGGCCGAAGAGGGCCCAUAGGGGCCCCAACGUAUGUACAAGCUUAGGUACGGGGACCUUCUGUAUAGGCUGUAUGCCCACACGCGGGCCCGCUUUGGGGGAGAUCGCGAUCUAAGGUCUUCCCAGAGCCUUGCGAGUGGUGUUAUGGGCGCCACUUGCUGCGCCGCUUGCUACGGGCGCCCGCGUGUGGGCAGGCCUGGGCCGCAUGGAUUUGCGGUCUACUACUACUCACUGGUGGCCCGAGGUUGUUAUGUGGACUGUUUAUGGCAGUCCGCCACGGCCCCGCGAGUGAGCGCGGGCCCUGCCAACGCUCACGCGGGGCCCCCGCGCCGGUUAUUGCCGUCACGCAACGGUUUUCGCGCCUCUUCCGUAGAGGCGCGAA
0.581395348837,.......((((((....)))))).....(((((((.(((((((((((...((((((.......))))))........((((((((.((..........)).)))))))).....((((((((...........).)))))))...((((((....))))))........((((.(((((....((((.......))))..)))))))))..((((((((((....(((((.(((((((((.........))))))))))))))...(((((((((((.....))))))))))).(((((..........)))))))))))))))........((((((((......))))))))....((((......))))...)))))))).)))((((((((.....)))))))).....((((((((..((((((.............)))))))))))))))))))))..........................(((((((((.........))))))))),0.187256372739,0.966827883373,0.927326305216,0.934068242724,0.974711652483,0.989535918538,0.994756029311,0.696370345686,0.15415821501,0.606589147287,0.238922771631,CCGUUGGUGAUCGCUAUCGGUCAGUCGUUCUCCGUGCUGUAGGGUCCUCCACUCCUCAAUCUAGGGGGGCGCACAGUGAGUAAUUUGGGUUGGCCAAGCCAAAUUGCUUACAUUUUACCGUCAUAUGAGAUCCGCACGGUGACUGGGGCGCGAUCGCGCCUUAAAUCCGGGCUUACUCAUGCCGGCGGGAGCAGCGCCGAUGAGGAGCCUUAUCGUCUCGCUGGGGUGGACGGCACCGGUUAUAUACUUAUCGGUGCCUUCACGGCACGGUAGGGUCAGACCGAUUCUGCCGUCGUGUCACCCUCAUUGGACACGCGGGGCGGUUAGAGCAUCAGCCCCGGUCCUUCGGGGCUGUAAUGGCCAAGCCUGGUUGAGGGACCCUAACAGUGGCGCGUCGCCAGCGCGCCGUUAGACGCGCCAGAGCAUCCACAGGGCGAGUAGCUGGGUGCUGGCGCGACGGAGACUUCACCCUCAUCUUCCUACGACCUCAGGCGGCCCUUCAAUCUAGGGCCGCUU
0.581395348837,.......((((((....)))))).....(((((((.(((((((((((...((((((.......))))))........((((((((.((..........)).)))))))).....((((((((...........).)))))))...((((((....))))))........((((.(((((....((((.......))))..)))))))))..((((((((((....(((((.(((((((((.........))))))))))))))...(((((((((((.....))))))))))).(((((..........)))))))))))))))........((((((((......))))))))....((((......))))...)))))))).)))((((((((.....)))))))).....((((((((..((((((.............)))))))))))))))))))))..........................(((((((((.........))))))))),0.159302563242,0.947478236722,0.911360492667,0.918879996865,0.969323814835,0.986568993818,0.994426145316,0.716539360769,0.148203041514,0.653100775194,0.232821301315,UUGCGGAUCGCCUGCGUGGGCGGAGAUACCGGGACAAUGAGGGGGCCGAAUCCGUUCUGUGCGGACGGCGUGGAAAUCCCCCUCCCGGGUUAUCGUAUUUUGGGGGGGGGAAGCCGGCCCAGUGGGCGAAACGCUUGGGCCGUUCCCGUUUUGAGAGACGGGCAAGUUGGGCCCCCGCAACAGUCUUUUAACCCAGGGCAUGCGUGGCCAGGCCUGCGGCAACUCCAAUAAAUGGCGGACGCACCCACAGUCUGCCAUUGUUGAGCGCGAUACCACUGCUCAGGUGGUGUCGCGGCGCCCUUCCACGUCGGCGCUGCCGCAGGUGACAGGCUACAAGGUGUUAAACUGCCUUGUGCCUCAGGGUGUGUCCUGCCAGGCCCCCUUUAUACGCCAGGUACUACCUGGCGUGCCUCGGGGGGGGAAGGCGGUGCAGGCGCGGCUAGCCGCCCCCCCCCCGUCCCGGCGCCAUAAUACCUGCUACGACACGUCGGCGGCGUGAGGACUGUACGCGCUGCC
0.581395348837,.......((((((....)))))).....(((((((.(((((((((((...((((((.......))))))........((((((((.((..........)).)))))))).....((((((((...........).)))))))...((((((....))))))........((((.(((((....((((.......))))..)))))))))..((((((((((....(((((.(((((((((.........))))))))))))))...(((((((((((.....))))))))))).(((((..........)))))))))))))))........((((((((......))))))))....((((......))))...)))))))).)))((((((((.....)))))))).....((((((((..((((((.............)))))))))))))))))))))..........................(((((((((.........))))))))),0.0513162408177,0.941699130027,0.908276788979,0.931319047737,0.986186195991,0.997819983029,0.999126004885,0.737035852027,0.242605521704,0.653100775194,0.115180099367,UACGCUUAAGCCAAGUGUGGCUUAGCGUGUCGCUUAGGCCGGGCCUCGGCACCCUAACCUCGUUAGGGGCAUAGCGCGAGGGUUCUCCCCUCGACGACGGAGGGCCCUUGAGAAGGGGUGGUAUGGGGCUCCGAACCGCCCUCGCUGUCUUGGGUAGGAUAACCUUAAAGGUCCCCUAGCUGGCUGGGAUUUACCCAGCCCUGGCGGCCUGUCCCUCUGGGGGCUAGCCCUCGGACCCGCUACCCCGCGGCGGGUCCGGGGUUGUAUCUCGUCUUGGGUUAUCCGAGACGAGAACGCCGCAAGAGUUCUCGGCGCCCAGGGGGAGCCGCCUUCGGGCUCCAGGAUAGGAGCCCGCAGACGGCUAUAGAGCCGAUCGAGGCUCGUGCCCCGGCCCGUCGCACGGGCCGGCUGGUGGGCGCGGGCUGUGUUCUCUAGACUCUGUAACGCACCGCGCCCGAGCGGCACUGGAUAGAACACCUAUUCAUCUGCCGGCGCUUGUGGACGAUACAAGCGUCG
0.581395348837,.......((((((....)))))).....(((((((.(((((((((((...((((((.......))))))........((((((((.((..........)).)))))))).....((((((((...........).)))))))...((((((....))))))........((((.(((((....((((.......))))..)))))))))..((((((((((....(((((.(((((((((.........))))))))))))))...(((((((((((.....))))))))))).(((((..........)))))))))))))))........((((((((......))))))))....((((......))))...)))))))).)))((((((((.....)))))))).....((((((((..((((((.............)))))))))))))))))))))..........................(((((((((.........))))))))),0.103555626408,0.959811440534,0.923693862483,0.938023442917,0.983247728895,0.99694797624,0.999563002443,0.644828215216,0.268953068592,0.627906976744,0.156999946496,UCUAACUCUGAGCGCAAGUUCAGGCACAGGCAUCGUUAUAGGCGUGCGGAUCGCAUAUGACGAGUGCGUUAAACUGAGCCGAGCAGGGGGAGUGGGGACUUUGCUCGGCAGCAUUGGCCCUGGGAGCCUACUGUCAGGGCCAGUAGCGACCAUCUGGUCGCACAUCCGGGCCUGGGCCAAGGCGGGUCCCGCCGGCCCGGUGGCUGGGCGUGCCGCUCGCUCCGCGUGCUAUCGAGGGCAGAGGUGAGAUGUCUUCGAAGCACCCAGGCCUGGAUGGACGUACCAUCCAGGUCACGCAUUUGCGCUCGGGUGCGGGCGAGUGGCAAACCCAGCCCCAGGGAGGUUAUUCUGGGGGUUGAUUGCCAUGUUAAUAACGCACGCCUGGUGCCCGUGUACGCUCUACAUGGGUGUUUGAGGCGUGUACGUUUGCGGCCCCUAGCUGUGAGUGCGCGCCUCCGGUGCCUGAUGAACCGAAGCCAGCCACAAUACGCGUUGUUGUUGCGCAGGCAGCGGCGC
0.581395348837,.......((((((....)))))).....(((((((.(((((((((((...((((((.......))))))........((((((((.((..........)).)))))))).....((((((((...........).)))))))...((((((....))))))........((((.(((((....((((.......))))..)))))))))..((((((((((....(((((.(((((((((.........))))))))))))))...(((((((((((.....))))))))))).(((((..........)))))))))))))))........((((((((......))))))))....((((......))))...)))))))).)))((((((((.....)))))))).....((((((((..((((((.............)))))))))))))))))))))..........................(((((((((.........))))))))),0.126169691208,0.956694958856,0.923184166579,0.929561264432,0.976829153988,0.993023945692,0.998689007328,0.638335250498,0.199851171446,0.635658914729,0.187184643339,GCCUCUAGCCACUGGCAAGUGGUGAUGGGUCCAGGUUCUUGGCCGCCGCCUUGCAUCACGGGCGUGCAUUGAUAUCAUGUCUUCUUCGGUUGCAUGGACGUAGAGGGCAGGAUGGGUUGGUGAGAUGCGACAUCUACUAACCCUCUGCGCCAACGGGCGCGUGGAGAACGGGUGAGAGACAGCGGCCCGCGAAUGGCUGCUCUCCGCCCGGGGAGCGGCGGGCAGGCAUUUCACCGCAGUAAGCCAGCUGCUGUGGUGAGUGCACCGGGCCCGGCGUUGUAGGCGUCGGGCCCGCCCCCAAGCACUCUGGGGGGCCGCCGCUCCGAAGGUCCGCCAGCUUUUGCUGAAGCUGGCUGUCUGGGACUCAAUCCACUGGGCGGUCAUGGAGGCGGCGCCGUCUGCGUCGCCAAUAUCCCCCGUCGAUGUAUGUGUACGGGAAGAACGUGCAGACGGGGGUCUGGGCAACGUCUAUGUUAGCUGACCAUCAUGCACCGUGAUGACAGCCCAGUCGUGGUG
0.581395348837,.......((((((....)))))).....(((((((.(((((((((((...((((((.......))))))........((((((((.((..........)).)))))))).....((((((((...........).)))))))...((((((....))))))........((((.(((((....((((.......))))..)))))))))..((((((((((....(((((.(((((((((.........))))))))))))))...(((((((((((.....))))))))))).(((((..........)))))))))))))))........((((((((......))))))))....((((......))))...)))))))).)))((((((((.....)))))))).....((((((((..((((((.............)))))))))))))))))))))..........................(((((((((.........))))))))),0.143857420166,0.961141632481,0.929463625922,0.939224746422,0.982706088179,0.997383979635,0.999563002443,0.744037295788,0.182152012737,0.610465116279,0.200245903723,CGGACAUGGCGGUUUUUACCGUCGAAAGGGGAAGUUGCUCAGCCGCCCGAGAUCUCCUGUAGAGAGAUACCUGUGAAGGGUAUGUUUGGCAGAGGUGCCAUAUAUGCCUGACUCGGAGCUUUCUAAAACCUGUAUAAGCUCCAACAGGCCCGUCAGGGCCUUUUCCAAACCUCUUGGGGGUCUCUACUGCACACGUGGUCCCCCAGGGGAUUCUCUCACGGGCGUCCCGAACCGGUGGCCAAUUGAGUGGGCCACCGGUCGGGGAGGUAGGGGACAUACCCAAUGUCCCCUAUAGCUGGCUAGUGGGAACCGGCUCGUGAGAGGAGAAUAAGGCUUGGCCUAAUACGGCUAAGUAAGCUCGUAUCUUGGCGGCAGGGCGGCUGCGGCGGAGGCGAAUUGGUCGCCUCCGGGGCGGGGGUGUCCGCUGGCCUCUCAGCUAAGCGCCGGCACAUCCCCGCUUCCCUGUGGGGGCACCCCAGUCAAGACGGGUCCCCUAGGGGGGGAGCCCUUAGGGGA
0.581395348837,.......((((((....)))))).....(((((((.(((((((((((...((((((.......))))))........((((((((.((..........)).)))))))).....((((((((...........).)))))))...((((((....))))))........((((.(((((....((((.......))))..)))))))))..((((((((((....(((((.(((((((((.........))))))))))))))...(((((((((((.....))))))))))).(((((..........)))))))))))))))........((((((((......))))))))....((((......))))...)))))))).)))((((((((.....)))))))).....((((((((..((((((.............)))))))))))))))))))))..........................(((((((((.........))))))))),0.174313806704,0.951614399766,0.919946691435,0.929389862217,0.975417486318,0.992151938904,0.997815012213,0.666869770254,0.151405915372,0.645348837209,0.243582524613,UUUUCCUGAUGCUGAACAGCGUCCCACAGGCGGCUUGUAGGCAGGAUCGCCCCCUGCCCACCACAGGGCGAACUUCGCCGGCGUGAGGGCCGCGCUAACUAUGCGCCGGCAACUUUCCAGUACACGGACACUCUGACUGGAAUAAGUACAUUGUCGUGUACUACACAAUGGCGUGCGCCUUUACGUCCUGACUCGACGGGGGCGCCGCUGCCGGGGAGAGUCCUUUGCCAGGCUAAGCGCCGUUCGCUGGUGCUUAGUUGGCACAAGCUGCGGCCCCGAAUUGGGGCCGCGGUGGGGUCCACCCACUCUGACCUGCUCUCCCCGAAGUCACUGCGGCCGACUUCAGUCGGCCGCCAGUCCCCGGCCUGGGGGUAGAUCCUGUCGUACCCCCCCCGUUCUACGGGGGGGUAUGAGGCUCCUCAUACAGUGCGCGUGUCUGGGUCACUGUGAGGAGCCGGCCGCCCUCGCAUGCAGUCCGCGGCUCGUUUUGUGGGGCCCUUCACCGUUGGGUCCCAC
0.581395348837,.......((((((....)))))).....(((((((.(((((((((((...((((((.......))))))........((((((((.((..........)).)))))))).....((((((((...........).)))))))...((((((....))))))........((((.(((((....((((.......))))..)))))))))..((((((((((....(((((.(((((((((.........))))))))))))))...(((((((((((.....))))))))))).(((((..........)))))))))))))))........((((((((......))))))))....((((......))))...)))))))).)))((((((((.....)))))))).....((((((((..((((((.............)))))))))))))))))))))..........................(((((((((.........))))))))),0.12277059464,0.936612372617,0.902377248057,0.916717439118,0.972807405459,0.993023945692,0.997378014655,0.655496489463,0.201384072485,0.674418604651,0.189110123661,GCGCGAACUGUUCUGCGGAGCGGUUCUAUUGGCGCACGUACAGUGGUCUGUAGGGUGAUUGGUACCCUAGCAGUCCCGGCCGACCCUCCCGUGACGUAGGUGGUUGGCCCGGAUGCCUCCCCACAGUAUAGGGGUGGGAGGCGGGUCACCUCCUGAGGUGACUCGACAAGACCUAGUGGGCCCGGUGGGCUGGCUACCGUCCGCGGGUUGAGCCCCGGGAGGCGCCGGGCCGGCGUCGCCGCUGGCUGGGGCGACGCCGCCUGUUUUCGUCGGUCUGUAGGACAGACCGGCGACACGUCUUACACCGGUGACGUCUCCCGGGGUCAACCCCCCGGCCGGCUCGGUUGCUGGCCGCAUUGGCAAACCCUUGCCCGAGCCACUGUAGCGGGUACCCCAUCUUGGGGUGCCGUGAGGGGCGGGGUUACGCCUGCUGCAUACCCCUGGGCGUCCUCGCUUGCGCCAAGAGUCUCAUCAUCACGGGCGGUUCCCUGGAUGCGUCUUGGCCCGACGUGUCCA
0.581395348837,.......((((((....)))))).....(((((((.(((((((((((...((((((.......))))))........((((((((.((..........)).)))))))).....((((((((...........).)))))))...((((((....))))))........((((.(((((....((((.......))))..)))))))))..((((((((((....(((((.(((((((((.........))))))))))))))...(((((((((((.....))))))))))).(((((..........)))))))))))))))........((((((((......))))))))....((((......))))...)))))))).)))((((((((.....)))))))).....((((((((..((((((.............)))))))))))))))))))))..........................(((((((((.........))))))))),0.216973784823,0.968363431448,0.92755431882,0.930942455399,0.978440859241,0.993023945692,0.997650070215,0.510800711935,0.226378651959,0.610465116279,0.247572298204,GCGAUCAGUCCCACUCCUGGGACUUAGAUGUCGUCUCUAGUGGAUCUUACGCGCCAGUGAGGUUGGCGCGCGUUGCAGGCGCCCGGCUUGCUCUCGAUAGCCGGGCGCCAUAAGGACCUGAGUAUCGAAAUCGUAUCGGGUCCCCACCCAGUCAAUUGGGUGCAAGGUUGGUGGGAUCGGCUACAGAGAAGGACUUUGGCUGGUACGCCCACAUGGGCUGAAUAAGGGGGACCCGUAGCCAGUGGUGCGGGCUGCGGGCCCCUAUACUACGUUCGGGAUCAGCCCGGGUGUAGCUGCCGGAUGUAACUUCGGCGUCAGCUCGUGCUCAGAAAGGGGGACCAAUGUCGGUCCCCUUCCCCCCCCCCUCAGGGGCUGAGAUCUGUAUAGCUGGCGCACGGUCUGCGCCAGGCGGUGUCGCUGCUCCAUGAGUGACUGUGUAGAGCUCAUGGUGGUGACGGCGGCAUGAGCUCGUUCGUCCGUAUUUAGUACGGUUGCACCGCCUAGCCUGGUGCAACU
0.581395348837,.......((((((....)))))).....(((((((.(((((((((((...((((((.......))))))........((((((((.((..........)).)))))))).....((((((((...........).)))))))...((((((....))))))........((((.(((((....((((.......))))..)))))))))..((((((((((....(((((.(((((((((.........))))))))))))))...(((((((((((.....))))))))))).(((((..........)))))))))))))))........((((((((......))))))))....((((......))))...)))))))).)))((((((((.....)))))))).....((((((((..((((((.............)))))))))))))))))))))..........................(((((((((.........))))))))),0.0950253887252,0.957278487984,0.920312968567,0.926700078007,0.977264167464,0.993459949086,0.997378014655,0.592294660591,0.191885960632,0.624031007752,0.153912445204,UCAAGAAGCCGCGCGUGCGCGGCUUCUUUAGGAUACGCACUCGGGGUGCAUGGCAUACAGGCGGUGCCUGUCCGAGUGGGCUGGCCUGGCUGUUCCGUCGCGCCAGCCUAUUACAACCGCCGGGAACUCGGAACAGGCGGUUGCCUGCAGAUCAGUCUGCACAUCUGUAGCCGGCCCGCAAUCGGUUUAGCCCCGACCCUGCGGUCGGUGUGGCAGGCAACCAUUCGGUUGGGCCCCCUGGGCGUGCCACAGGGGGCCAACUGGAGGCCAGUGAUUGGAUGGCGGUCACUGGCAGUGCCCCGCUUACAAGGCACGUUGCUUGCCAAACGAGCUGCGGAGUGUCGUAGCUCUGUAACUAGCUGUGCCUCCAGCCCCAUUUCGGGCUGCGGGGCAGUCAAAAGCUGCCCUCUCGGUGGCGCGCACCUGGCCCUCUUCUUUUCAUGGCCAGGCGUGCUAUGUCCUAACAUUGAAGGCUUAAUAAGACUUUAGCCCCGCGCACCAGCAUUUUGCGCGGGG
0.581395348837,.......((((((....)))))).....(((((((.(((((((((((...((((((.......))))))........((((((((.((..........)).)))))))).....((((((((...........).)))))))...((((((....))))))........((((.(((((....((((.......))))..)))))))))..((((((((((....(((((.(((((((((.........))))))))))))))...(((((((((((.....))))))))))).(((((..........)))))))))))))))........((((((((......))))))))....((((......))))...)))))))).)))((((((((.....)))))))).....((((((((..((((((.............)))))))))))))))))))))..........................(((((((((.........))))))))),0.151557547392,0.961351485007,0.919833526568,0.929818320014,0.977370794704,0.993731385724,0.997815012213,0.659983309131,0.189561395252,0.622093023256,0.202161563822,UUCUCAUUGGCUGCGUACAGCCGGGGCAGGCCUCUUGGUAUGCCCUGCUUGCUGCUACGAACCAGCGGGCAUGGUAGAGAACGGCUACCUGCGCAACAGUCGCCGUUCUGCCUAGCUCGCCCCCCGUUAGACGGUGGCGGGUGGACCCCACACGUGUGGGGCAAAAUACGGGGUUCGUUUAACCCCCCUUUCCCGGGGCAGGCGUCUUUACGGGCACUGCGGUAUCUGUGACCCAGGUCGUGAGAGGUCCGACCUGGGCGCAGAGAGCCCGGGGCCAUUAGGUGGCCCCGGGCAGCCACGUACCACAUAGUGGUCGCAGUGCCCACCCUCGUCCCCCGGUUCCUGCGCCGGGGGAUCGACCCGAACCGGGGUCGUCAGGGCAUCGCCGUAUACGACAACUUCGUGUGCGAUGAACCUACCGGGGAUUGGAAAUACGUCGACCUCAAUCUGGUAGGUAGAGGCCUGGACGUGUGUUGUCGCGGUGUGCCAUUGCUUAAGAGGUGUAAUCUUAGGCAA
0.581395348837,.......((((((....)))))).....(((((((.(((((((((((...((((((.......))))))........((((((((.((..........)).)))))))).....((((((((...........).)))))))...((((((....))))))........((((.(((((....((((.......))))..)))))))))..((((((((((....(((((.(((((((((.........))))))))))))))...(((((((((((.....))))))))))).(((((..........)))))))))))))))........((((((((......))))))))....((((......))))...)))))))).)))((((((((.....)))))))).....((((((((..((((((.............)))))))))))))))))))))..........................(((((((((.........))))))))),0.125500648361,0.948135293523,0.909748005474,0.9200364564,0.97136551186,0.992423375541,0.997815012213,0.724191032213,0.148588953758,0.664728682171,0.174387380702,CCAUAUCAGUCGUUAUUGCGACUCCCGCUGGCCCUUUCCCUGGGGCUCCACCGGGCGACUUCAGCCCGGAACAGCGAGCCGUCCAGGUCGACAUGCGGGCGUGGACGGCGGACGUGGGGUCACGCCUGGGAUCUCGGCCCCACACUCACCCUUGCGGGUGAUAGGGUCGCCAGCGUGGCACUAGCUUUUAGAACAGGCGGGCCGGCUGGACCCGGUGCCCCCCGAGGGGAUAUGCCCCUGUUGUUAUGACGGGGGCGUUCCUUACGUCGACCGGAAUGUGAGAUUCCGGUCGAGGCCCCGUACACACCUGGGGCGGGGCGCCGGGAAAGAGUCUGGCGCACUACCUUGCGCCGGCCGGCCGGAGCGACCCGGUAAGGCCCCAGUGGAACACCGCGAAUAGUGCGGUGUGUAACGGCCGGGGAUGGCUGGUGUCUCAUCAAUUCCAGCCCCCUGGCCGGGGCCAGUGACUCAGCAACCGACACGACUCAUUUCCCCUGGUGGCAAAGUCCAGGGGGG
0.581395348837,.......((((((....)))))).....(((((((.(((((((((((...((((((.......))))))........((((((((.((..........)).)))))))).....((((((((...........).)))))))...((((((....))))))........((((.(((((....((((.......))))..)))))))))..((((((((((....(((((.(((((((((.........))))))))))))))...(((((((((((.....))))))))))).(((((..........)))))))))))))))........((((((((......))))))))....((((......))))...)))))))).)))((((((((.....)))))))).....((((((((..((((((.............)))))))))))))))))))))..........................(((((((((.........))))))))),0.0735532414127,0.960080443172,0.92572892388,0.93932552625,0.984281948967,0.99694797624,1.0,0.687936160233,0.201177262121,0.647286821705,0.135664906976,CCCGCAUUCGACCCCGCGGUCGGUGCUGCGCCACAAGCCUAGGGCGUAAGUGCCGGUCCGCAGCUGGCAGCAGACGUUGGCCCGUCGGGCAGAGGGAACCCGCGGGCCAUGACUGAGGCCCUCUGAUUCCGUAGCGGGCCUCACGGGCCCUUUUUGGGGCUGAUCCUCUCGGAACCUUCAAGGACCGGGUCAGGUGGUACGAAGGUCCGACCCUGGGCUAGGUGUGACGCCAGGCGGCCUCGCAGGAUGAGGUCGCCUGCGUCACAUCCGCUUGCGGACCGGCCGCAAGCGGAGUACCCCCAUACUGGAGGGUGCUAGCUCGGGAGCGCGGCUAUCCGAGACACGGCUCGGGUAAGCUUGGUAUCCCAGCCAUAUACGCCCUGUGGUGGAGGCCAUCCCGUGGCCUCCGCCUAGUAGAAGUAUGCGACCGUAGUCCGGUCACGGUCGCACUUCUACUGUGGCGACCGGGAUUUACCACCGGCUAACCGCCGAAUGCACAUUACAACUGUGCAUUCG
0.581395348837,.......((((((....)))))).....(((((((.(((((((((((...((((((.......))))))........((((((((.((..........)).)))))))).....((((((((...........).)))))))...((((((....))))))........((((.(((((....((((.......))))..)))))))))..((((((((((....(((((.(((((((((.........))))))))))))))...(((((((((((.....))))))))))).(((((..........)))))))))))))))........((((((((......))))))))....((((......))))...)))))))).)))((((((((.....)))))))).....((((((((..((((((.............)))))))))))))))))))))..........................(((((((((.........))))))))),0.151705531414,0.9546066487,0.913702523849,0.921533113724,0.970738965316,0.99182280539,0.997815012213,0.713255164172,0.183912001109,0.641472868217,0.203123511139,GUUCCGAAAACGCAAGUGUGUUUAAUGUUGGGGGCAUCUCCUGCUCCUGUCGGGCUCCGAUCAGGCCCAGUAUUAUCUUCCCAGCCUGGCGGCAUGAGCAGGCUGGGAGUCGGCCUAUUGGUGCCCUGUGAGAGUCCGGUAGGAGAUGGUCUCCGGACCAUGCUAAUCCGAGUGUCAGGAAUACGAGGGAGCGUCUCGAUCCUGUGCUCUCAGGGCGUGCGGUAAGCGGGCGCGCUGGGCGUCUCACACGCCUGGCGCCCCGCUUGGCGCGCCGAUACCACGUGUCGGCGCGUUAGGGGUAUGUCGCUACCCCUCGCACGCCCUAUCUGAAAGCGGCCAUGACCCUAUGGCCGCCGGGGGCACUAUCGUGCCCAGGGGGCGGGCAGAGAGCGGGUCCUGCGCCCGCUUCAUGAGGGCGGGCUCUGUGGCACUGUUUACAACAGCUACAGCCCGCCCGCUCCCAGUGGAAUAAUAUCUUACUGGCACAGUCGCGCGCCCGCCGAUGAAGGGCGCGCG
0.581395348837,.......((((((....)))))).....(((((((.(((((((((((...((((((.......))))))........((((((((.((..........)).)))))))).....((((((((...........).)))))))...((((((....))))))........((((.(((((....((((.......))))..)))))))))..((((((((((....(((((.(((((((((.........))))))))))))))...(((((((((((.....))))))))))).(((((..........)))))))))))))))........((((((((......))))))))....((((......))))...)))))))).)))((((((((.....)))))))).....((((((((..((((((.............)))))))))))))))))))))..........................(((((((((.........))))))))),0.127559582141,0.958319458507,0.921886014369,0.930437805234,0.976287513271,0.993459949086,0.99825200977,0.614027192051,0.228143499155,0.633720930233,0.184713634084,CACCCAGCUAGCUAGAAGGCUAGUCGUCUUGUGCGGGGCUCUACCUGACCUUUGGGCGGGUUGCCCGAGCCUAUCCCCCUGCCCGGGCCGCUAACCGAGCGCGGGCAGGGGGCAGUGCGCGAUGUCUAGAGAUUGUGUGCGCUUAGCCGCGCACGUGCGGCAUGCCUAGAGGACAGUUGUUAUUGUCCGUAAUAGACAAGCAGCCUCCUAGGCGGUUGCUGGAAUGACCUGGGCAGUAGGUCGCGGUCUCUUGCUGCCGGGUCUCUGGCCGGCCACGAUCUUCGUGGCCGGCCAGGAGCUCGCAGAUCGGUUCCCGGCAGCCGUUCCUGACCGAGGGGUAACAUACUAUCCCUUGGGAGGGGUCAUGACCCCUCGUAGGUAGGGGCUCCGCGUGUUCUAGACGCGUGGGUGCCCCCGCGCCGCUCAUGAGAGCAGCUGAUGAUCAUGAGGUGCGGGCGUACGAAAGCUGGGAAGUUUCAACGCAUUUGCCGGGGGGGCUAUACAAGUGCCCCCCCG
0.581395348837,.......((((((....)))))).....(((((((.(((((((((((...((((((.......))))))........((((((((.((..........)).)))))))).....((((((((...........).)))))))...((((((....))))))........((((.(((((....((((.......))))..)))))))))..((((((((((....(((((.(((((((((.........))))))))))))))...(((((((((((.....))))))))))).(((((..........)))))))))))))))........((((((((......))))))))....((((......))))...)))))))).)))((((((((.....)))))))).....((((((((..((((((.............)))))))))))))))))))))..........................(((((((((.........))))))))),0.0851479310081,0.934780385764,0.899791677849,0.915092723967,0.965781119439,0.986755331416,0.994319031753,0.567915175073,0.228522930566,0.672480620155,0.142842947088,AUUGGCGCCCCUAUCCAUGGGGGGACAGCACCCCCCGGCGACGGGAGCCUGUCGGUUCGGCGCGCCGAGAUAAACAGUUGGACUGACGGGAGCGGAAUUGGUAGUCUAAGUGAAUUGCCCCGGGCAGGGGUCUCCGGGGCGGCCGGAAUGCUUGUGCAUUUCUAGCCUUCGUUUGUGCCAGUCCUGCCCAACGUGCGGCGGGCAGGGCGGCCGGCACCGGUUAAACCGUGUGGCGCUCCCAUCUGGGCUGGGAGCGUCUGCGGAAAGACUCGUCCGGGGGACCUGGGCGGGUCGUCGCCCUGUGAACCGGGCGAACUGGUGCCGACGUCUCAUCCGCCGUGUACCUACGGCGGACUAUGGUCACGUUUGACCUCCCUCCCGUCAGUUUGCGCCCUGCAGGGGGGCGCACGGCGGGGGCGCCGUGGGAGCGCGUCCGGGCCUGGCUCCUGGCGCCCCGGGGGUGUAUCGAUGUAAUUUGCACUGCGUUUGCCCGUGGUCUAUAGUUCCGACCGCGGG
0.581395348837,.......((((((....)))))).....(((((((.(((((((((((...((((((.......))))))........((((((((.((..........)).)))))))).....((((((((...........).)))))))...((((((....))))))........((((.(((((....((((.......))))..)))))))))..((((((((((....(((((.(((((((((.........))))))))))))))...(((((((((((.....))))))))))).(((((..........)))))))))))))))........((((((((......))))))))....((((......))))...)))))))).)))((((((((.....)))))))).....((((((((..((((((.............)))))))))))))))))))))..........................(((((((((.........))))))))),0.192276109776,0.95845404975,0.919317254074,0.930978218645,0.976886719866,0.991987372147,0.99825200977,0.675504418779,0.210584350483,0.625968992248,0.232432229598,CAUGGGGACCCAAUGCGUUGGGUGUCCAGCGGCGGGGCUGGCCUGCAACUGCCGCGCAUGCUGUGCGGCGGGACGGUGGUGGCCGAGGGAGGGUCACCCCGUGGCCACCCUUGUGCCUGGCUACCAUCGUUCCGUGCCAGGCUUUCUGUUUUCCCGAACGGACCGAUGGUACCGUCUUGGACCUGUGGUCGUUUCGCACCCGAGGGGUACUGGGGAGGGGGGAGCUGACAGUCGGGUCACGGACCUUUGGUGGCCUGAUGUCAGAACGACGCUCUGUGUCGUACGGAGCGUCGUGUGGAAGAGAAUGUAUCCACCCCCCUCUCUAAAGCGUAGGGGGGAUACGGCAGUCCCCCUGGUAGCGGCGUUAGCCGCUUCUGUGGGCUAAGUGGCCAUUAACAACUGGUGGCUAUCGUGCGUCCCGCCGCCAUUUCACCAUCAGGGCGAUGGUCGGGGCGCCCGCCGCAGGUUAUUCCUGAGUGCAUUUUUCGUCCAUUUCGCUAUAUCCCUGCGAGAUGG
0.581395348837,.......((((((....)))))).....(((((((.(((((((((((...((((((.......))))))........((((((((.((..........)).)))))))).....((((((((...........).)))))))...((((((....))))))........((((.(((((....((((.......))))..)))))))))..((((((((((....(((((.(((((((((.........))))))))))))))...(((((((((((.....))))))))))).(((((..........)))))))))))))))........((((((((......))))))))....((((......))))...)))))))).)))((((((((.....)))))))).....((((((((..((((((.............)))))))))))))))))))))..........................(((((((((.........))))))))),0.157083652117,0.930617260672,0.893431623095,0.910053817511,0.966060444314,0.990843928721,0.998689007328,0.541960726267,0.225257080186,0.687984496124,0.188606208605,CGAGUUAUUGCGUCCAAGCGCGGGGAACCCCCACGAUAGGUCGCUCGACUCGGGCCUGUCUGUGGCCCCAAGUAGUUGCGCGGCUUUCUGUCAAGCAGGAUAGUCGCGUAAGUCGACUGACUUCACCGUGUUGGGGUCAGUCUCAUCCUCCGACCGGAGGGCCUAGCUCACCUUAUUGGCCCUUCGUCGGGGGCGCGAACUCAGCAGGUCAGGGCCGAGGGGGUCGGAGCGGAGGCGCGCAUCUCGCCCGCGCGCCUCGUUCCGUGGGGGGGCUGCAGAGGAUGCGGCCCCCCCACCCCCGACCUACGGGGGGUCCCUCGGCCCACAGGUAGGGGCGCUCAAGUGCGAGCGCCCGGUUUCGGCAAGGGCCGAUUCCGGGCGGCUCUGGGUCCCGCGCGCAGCGGGGCCAUAUCCGGAGCGCCUCAGCGGCACGAUAAACUCAUCGCUGGCGCUCCGCGUGGGGAUAAGUCGUGGGACAUGCCCUGACUAUUCCGCGGCUCCGCCCGGGCCGCGGGA
0.581395348837,.......((((((....)))))).....(((((((.(((((((((((...((((((.......))))))........((((((((.((..........)).)))))))).....((((((((...........).)))))))...((((((....))))))........((((.(((((....((((.......))))..)))))))))..((((((((((....(((((.(((((((((.........))))))))))))))...(((((((((((.....))))))))))).(((((..........)))))))))))))))........((((((((......))))))))....((((......))))...)))))))).)))((((((((.....)))))))).....((((((((..((((((.............)))))))))))))))))))))..........................(((((((((.........))))))))),0.178513899349,0.919613586617,0.880472769274,0.897227558169,0.95691665679,0.983267304262,0.991260048851,0.598845690731,0.158389251504,0.697674418605,0.23561874337,UCUACUUCCGGGGGUCGCCCCGGCCUGACGGGGUCAGCCUGUCAGGCUAAACCCGGUGUCCGACUGGGGUUAUAGUUGGGGCAAGGGGGAUAAUUAAUUCGCUUGCCCCGAGGGGGGGGCAGUGUCUUGGAACUAUGCCCCCGACGGCCCGUCCAUGGGCCUUUCGCACCAUCUUGUCUAAUGCGGGGUGUCAGCUCGUUGGGCGGGUGGAAGCCCUCGCCCAUAGGCCGAGGGGCGGGGCCGGGUACUCCUUGCCCCCGGCCCCCACGGGGCUCCCAGUCUGGGGGCCCCGUUGCGCGGAUAAGUAGAUGCGCGGCGAGGGCUGGCAGGGACCCGCGCUCCAGUCGGCGCGGGCAGCGUGCCGCAGCGCAUACCGCCUGACGGGGUCGCCCCCAGGCUGUGGGGGCGGGUUUUCAGCCUGGCGCACGUUCUCGCGUCGCGCGCGUGCCGGGCUGGGGCCCCGGGCAUUAGUUACUGGGCUGAGGAUCACGCGUCGUUAGCGGAGGAGGCGGCGUG
0.581395348837,.......((((((....)))))).....(((((((.(((((((((((...((((((.......))))))........((((((((.((..........)).)))))))).....((((((((...........).)))))))...((((((....))))))........((((.(((((....((((.......))))..)))))))))..((((((((((....(((((.(((((((((.........))))))))))))))...(((((((((((.....))))))))))).(((((..........)))))))))))))))........((((((((......))))))))....((((......))))...)))))))).)))((((((((.....)))))))).....((((((((..((((((.............)))))))))))))))))))))..........................(((((((((.........))))))))),0.209359171601,0.970936215716,0.93721503441,0.941061637361,0.981507674989,0.996511972846,0.999563002443,0.626508251931,0.177777754393,0.608527131783,0.251830612648,UAUUCCACGCGCCCCUUGGCGUGCUUAGAUGUCCUACAAUCCAUGGGGCUAUCCGACGCGCUCUCGGAUUUGUUUUUCGGCGCGCCGCCUGCUAGUAAGCCGCGUGCCGCCGGUUGGUCGAAUGGGGCAACGCUCUCGACUACCACUUGGCUGCAGUUAGGGGUUAAAGAGCUCGCUGCAAUCGGUUUAGACAUGACCAAGCAGCGGCUUAUCAGCUCCAGGGUGUAGGACGUGGCGUCGUCAUGUUCUUGGCGCCAUUCCUAAAGUGGUGCCUUCGAGGUCUGGAGGCGCCAGUCCGUAGCCGCCACGGCGGACUGGAGUUGGUGCAUGACCGGCGUCUUACGCCGGACGUCGUGUACCGUGGUAUGACGGGCACCCAUGGACUUGGGGCGGGAAUCUUUCCCGCCUCAAUUCCCCCCGCACCGGAGCGCUCUUAUAGUCUGCUCCGGCGGGGGGAGGACAUCAUAUCGAAGAAAAAAUCCGACAUACCGGGUGUGGCCGAGCGGGCCACGCCCG
0.581395348837,.......((((((....)))))).....(((((((.(((((((((((...((((((.......))))))........((((((((.((..........)).)))))))).....((((((((...........).)))))))...((((((....))))))........((((.(((((....((((.......))))..)))))))))..((((((((((....(((((.(((((((((.........))))))))))))))...(((((((((((.....))))))))))).(((((..........)))))))))))))))........((((((((......))))))))....((((......))))...)))))))).)))((((((((.....)))))))).....((((((((..((((((.............)))))))))))))))))))))..........................(((((((((.........))))))))),0.111499760323,0.962540756873,0.928898419255,0.93212208671,0.977370794704,0.991987372147,0.997378014655,0.721530695925,0.169014111504,0.616279069767,0.184949141294,AUCUCAAAUGGGAUGAUUUCCGUAAUGGAGGGGCUGACACCAGUUUUUUUUGGGUUCUUUGGAAACCCCCCAUACUUGGGCUGUAACGGGGGGAGCCAUGGUACAGCCCAGCAUGACAACUGUGACAUUAGAACGAGUUGUCGCCCCCGGGCAUCCCCGGGGACCGCCGUAGCGCCCUCCCCCGCUUCUUUGGGGAGUUUGAGGCGCUGUUCCCCAGCGCCCAUGUAGCUAUGGGCUGUGUGCGAAGUCCACGGCCCAGGCUAGCGCGCCCUGCGAAAGCUCUUCGUGGGGCGGUCUGCAUUCCCGUUCGCAGAGGCGCUGGGGAGCGCUUAGGCGCGCCAAUAGGGGCGCGCCACGCAGGCUCCCUAGCCUUAAGAGACUGGAUGUGUCGAGGUAGGCCACCUCGACUGUGGGCAGUGCGGAUGGUGCACAAGCAAGAUCAGCGCUACGCGCUGCAGCCCCUUCGAUGCAGGACUAAUCAUGGAUCGCCUGUGUGGGUUGCGUCCGCCCACACGG
0.581395348837,.......((((((....)))))).....(((((((.(((((((((((...((((((.......))))))........((((((((.((..........)).)))))))).....((((((((...........).)))))))...((((((....))))))........((((.(((((....((((.......))))..)))))))))..((((((((((....(((((.(((((((((.........))))))))))))))...(((((((((((.....))))))))))).(((((..........)))))))))))))))........((((((((......))))))))....((((......))))...)))))))).)))((((((((.....)))))))).....((((((((..((((((.............)))))))))))))))))))))..........................(((((((((.........))))))))),0.152245794809,0.95676967699,0.920677427135,0.931311466595,0.977970001299,0.993731385724,0.997378014655,0.70171078239,0.194684179423,0.627906976744,0.193762646961,AAGAGUGCCGUUCAUUGGGACGGCCAAAGCGCGCCACUAUGUGGGGCGAGGGCGCCGUACAACGGCGCUGGUUCCCUGCGGUCGAAACCCAUUCCAGUGUCUCGACCGUCCUGGUCCCCUUGGGCGGGCAGCUCCGGGGGGAGUAGCAGCUCGUAGGCUGCACUCGCUAGCCAAUGGGGGUUGCUGCUUUCCUGGCGGCUCCCCGUGGUAACUAUUCGCGUCAUCUGUAUUGGGUGCCGCAAGAAUAUAGCGGCACCCAUGUAUUGGGGCAAGCUCCUUCUAGGAGCUUGCCCCGCCCGGCAGCCAACGCGGGCGCGCGAGUGGCCUAAAGCGGGGGGCGUUUCCUCGCCCCCCUUACUCCCUUUUGGGGGGACUGCCCCGCAGUAGAGCAUAGGAAUGAUCUAUGCUUCUGACCCCGUUGAGGCCGCGGGUUCUCAUGAAACGUGGCUGACGGGGGGCGCGCUAGACACGUUCUCUAACACUGUCAGGGGGCUUCUCCUUUCCUUGGAGAAGCCC
0.581395348837,.......((((((....)))))).....(((((((.(((((((((((...((((((.......))))))........((((((((.((..........)).)))))))).....((((((((...........).)))))))...((((((....))))))........((((.(((((....((((.......))))..)))))))))..((((((((((....(((((.(((((((((.........))))))))))))))...(((((((((((.....))))))))))).(((((..........)))))))))))))))........((((((((......))))))))....((((......))))...)))))))).)))((((((((.....)))))))).....((((((((..((((((.............)))))))))))))))))))))..........................(((((((((.........))))))))),0.193724191381,0.938093156235,0.900942095206,0.915734512683,0.971338171911,0.990407925327,0.997378014655,0.580863745344,0.217000653481,0.660852713178,0.225617323615,UACGGAUGAGGCCCUGCGGCCUCUACAUAGUGGCCAGGCGGGGCCCGCAAUUCGUUUACGAGGAGCGAUGUGUACGUUGACGUGGGUGGACGUUUCGUCGGCCAUGUCAGGCUCCCGGUUGGCGCGCGUCAAUUCUAGCUGGACCACAACGAGUACGUUGUACCUAUAGCGGUUGGGGCCCUGGGCAGUCUCCCUGCCCCGCCCUACUGGAUGACCCUAGCCGAACGGGCACGGGCACCUCAGGGUACGGGGUGCCCGGUCCGAUUUGGGGAGGGCCUUAGGGGCUCUUCCCGAGACGGCACGCCGUCUCCGUCGUUAGGGUCACCGUGCGGCCGGCGGCAAAAGGGCCGCCGGCUGGUGGGGUCUGCCCCAGGGUGGGCCCCGGCUUCCUUGGGUGGCCCCUAAGGAUCUUGGUCGCGGCGCGGGUCUUCCUUUGAUAAUAGGACCCGUCGCGGCGGCCGCUUGCGUCCCUUGAUUCAAUUCUGACUUGGCGGGGUCCACGUGUCGGGCCCCGCU
0.581395348837,.......((((((....)))))).....(((((((.(((((((((((...((((((.......))))))........((((((((.((..........)).)))))))).....((((((((...........).)))))))...((((((....))))))........((((.(((((....((((.......))))..)))))))))..((((((((((....(((((.(((((((((.........))))))))))))))...(((((((((((.....))))))))))).(((((..........)))))))))))))))........((((((((......))))))))....((((......))))...)))))))).)))((((((((.....)))))))).....((((((((..((((((.............)))))))))))))))))))))..........................(((((((((.........))))))))),0.0881461014281,0.963305434849,0.932985790536,0.94060593739,0.983083535777,0.993130815573,0.998087067773,0.660686069515,0.20073123911,0.627906976744,0.153125738693,CAUCCCUGACCCUCCACGGGGUCACUUGGCGCCACGGAUUCUCUGCCUAGACCGCCAUCAAGCGGCGGCCUUUGUACGGACCGGUUGGGCUGGCAAUGCUAAUUGGUCUAGCGUUCUGCACCGCGUCGGGAAAGAGUGUGGGAUGGGGCCUAACUGGGCCCAUCCCGACGGGAUGGGAUGGGUACCCCGGCUGAGGGUAGGUCCUUUUCCGGGCCCUACCAACACUCGUAUUCCGCCCGCACAUGUUUCGUGGGCGGAUGCGACCAAGCGGGCCAGGUGAGUUCUGGCCCGUUCCCUCCCAGCGCUGGAGGGGGUGGUGGGGCCAGGGCAGCAGCAGUGCUACUAUGCACUGCUUGAAGCUUGGAGUCGGGCUAAGGCGGAGAAAUCCUUCCUCGAGGCAUGAGGAAGAAGUCCGGUCGGGACGGUUGGUGAUAUAUUACCGCCGACUCCCGACCGGUGGCGCAAAAUGGGAUCCAAGGAACCCUGUCGCCGUCUGCGUGGCAUUCCUGCAGGCGG
0.581395348837,.......((((((....)))))).....(((((((.(((((((((((...((((((.......))))))........((((((((.((..........)).)))))))).....((((((((...........).)))))))...((((((....))))))........((((.(((((....((((.......))))..)))))))))..((((((((((....(((((.(((((((((.........))))))))))))))...(((((((((((.....))))))))))).(((((..........)))))))))))))))........((((((((......))))))))....((((......))))...)))))))).)))((((((((.....)))))))).....((((((((..((((((.............)))))))))))))))))))))..........................(((((((((.........))))))))),0.116244609659,0.964985536263,0.933705112669,0.936336281999,0.977485926461,0.992587942298,0.996941017098,0.667802358533,0.253193948847,0.616279069767,0.174423083742,CCCGCGGCUGCACCGGCGUGCGGAGUUUUUCGGUACGCUCCAGGAAUCCGUUUCCUCGCUCGUAGGAGCCAUGACACACCCACAUCUGGCCGCGGCCAUAAGUGUGGGUUAGCGUGCCGCCGAGUCAAGUGUCCAGGUGGCAACGAGUAGACCAAUCUACUUCGGAGGAAUGUUCGCGUCCCGGGCCCACAGAUGGUCCUGCGCCACAUCCCUCUACCUGUCGUUCCCGCCGAGGGUGUUAGUGAUAGUGACGCCCUCGCGGGCUAGGUAGGGCCCCGCAAUGGGGCCCUACUUGGUGCUUUCGAUGAAGUGCCGCAGGUAGGGUUAUACCAGCUGCCGAAAAGGCUCGGUAGCCUCGGUCCACCUCCGGGCCGCAUUCCUGGUGGUUGCGCUGGUCUCAUCGGCGCAGCGUUCCCGGUGCCACGGGGGGGAAGAUAAUCCUCCUUCGGUACCGGGUACCGGGUUGUUCACGGGUUCUGACUCUGAACUAGCAUCAGUCUCACUUCAGCUGGUGCU
0.581395348837,.......((((((....)))))).....(((((((.(((((((((((...((((((.......))))))........((((((((.((..........)).)))))))).....((((((((...........).)))))))...((((((....))))))........((((.(((((....((((.......))))..)))))))))..((((((((((....(((((.(((((((((.........))))))))))))))...(((((((((((.....))))))))))).(((((..........)))))))))))))))........((((((((......))))))))....((((......))))...)))))))).)))((((((((.....)))))))).....((((((((..((((((.............)))))))))))))))))))))..........................(((((((((.........))))))))),0.0843948125195,0.96750806266,0.929898953457,0.936314609805,0.981729433986,0.996075969452,0.999563002443,0.773860363408,0.191907936598,0.618217054264,0.149219555419,GCAAGCUGCUGUCUCAGGACGGUCGCUUUGGGGCUAGCAGGAGACGCGCCGGCUGGCGUCAACCCAGCCCUACGACUGGUGCGGUUUGGGCGAUAGCACAAACCGCACCUAUCUCCCUUGGGCGGACGUGCAUCUCCGAGGGUACAUGGGGGGACCUCCAUCUGUAAAGGGCGAAGCCACAUGGGAUCGACUUUGUUUAGUGGCUUGCCGUACACUGCCGCCACCUUUCUGGUACAUCUGAACCAGAGUCAGAUGUAUGGGAGGAGAGGGCGGCCCUUGGGAAGGGCCGCCCUCGGCCGGCGGUUGAGACGGCCGCGGUGGUGUUGCUAAUCGCCUUAUGACGACGCAUAGGGUACGAGCCUUUCUUUAGGCGGGGCGUCUCCUUGCUGCCCCGGAAGAGCCGGGGUAAAAAUGCGCGUGACGGAUGGUCCGCCAUACUCAGGCUAUCUCAUGCGCAGUCCCGUUGCUUCGCCGUCUCCAGUACUAGCGAGGGAGGGGCCGUAGACUCCCCUCCCU
0.581395348837,.......((((((....)))))).....(((((((.(((((((((((...((((((.......))))))........((((((((.((..........)).)))))))).....((((((((...........).)))))))...((((((....))))))........((((.(((((....((((.......))))..)))))))))..((((((((((....(((((.(((((((((.........))))))))))))))...(((((((((((.....))))))))))).(((((..........)))))))))))))))........((((((((......))))))))....((((......))))...)))))))).)))((((((((.....)))))))).....((((((((..((((((.............)))))))))))))))))))))..........................(((((((((.........))))))))),0.0912097797051,0.974638696867,0.938240790689,0.948767751729,0.988689649611,0.997383979635,0.999563002443,0.749285622029,0.228374931714,0.593023255814,0.149591575224,CCUCCCAGCGGACAAGGGUCCGUAACUGUGGCCUAGUGGCGUGCCAUGAGAUUCCGACUAGUGCGGAACUCUCUAAAGCGACCCGGUCCGACGCUAUCGACCGGGUCGCGAUGACCAGGUGGUGCUAACGUCACGCACCUGGUCACCCGAUAGCAAUCGGGACAUCUUAUUGUUAGUCCUACGGUUCCGGUGUAGAACUAGGAUGGCAAGACGCCACCAUGGAGACGUCGCUGCUCCUUUUUAAAUAUAAAAGGGGUAUGACGUGGGGACGGGGCCGAAUUCCGGCCCCGUCCACGGGAAGGGGAAGUGUCCCGCAUGGUGGCGUUAGAUUGGCGGCGAGCGGCUGCUCGCUGCCGCGUCCGCGUUAACGGGAUAAUGGUACGCCCGUUAUCGUAGGCCUUACGAUGAGGACACAUCGCGCUACGCGGGUGUAAAGGUCACCCCCGCGGCGCGAUGUGGGCCAAGUUCGAUACCAGUCAUAGGAGAUCUGAGCCGUACAGUUAGGGGGUACGGCUC
0.581395348837,.......((((((....)))))).....(((((((.(((((((((((...((((((.......))))))........((((((((.((..........)).)))))))).....((((((((...........).)))))))...((((((....))))))........((((.(((((....((((.......))))..)))))))))..((((((((((....(((((.(((((((((.........))))))))))))))...(((((((((((.....))))))))))).(((((..........)))))))))))))))........((((((((......))))))))....((((......))))...)))))))).)))((((((((.....)))))))).....((((((((..((((((.............)))))))))))))))))))))..........................(((((((((.........))))))))),0.0720486596826,0.942555014772,0.911477214358,0.925363135532,0.979168414488,0.99694797624,0.999126004885,0.675200891915,0.2280193335,0.660852713178,0.122675207306,AGCAUGUUCUCUCGGUGGGGAGAACUAGUAGGCCCUACUCGUUAGUGACGUGCUGCGAACACCGCAGCUCCGCAGGCGCGGCGUGGACCGUCUAAGACGUCCGCGCCGUGGAAGGCCGUGUCGCCGCAGACAUGGGCGCGGCAGAGGCCUGGCGUUAGGCCUUUCGUAAUCGCGCAAAAACGGGGGGGUUACCUCUCUAGUUUUUGUGAAAGGGGUGUUGCUUGGCCCUCCCGGCGGUACUGUUAUAGCGUGCCGCCGGAGGGCAAGCGGGGGAGCCCCCGCGGCUCCCCUGCCGCGGGACUGUCGUAACUCGCGCGACGCCCCGGGUACAACGAGGGCGAAUAGCCGUCCUCGCGGAGGCGGGGCUUCGCUGCACACUGGCGUAGUUGGGCCCCGCGUAGGGGCCCAACUAGAGUGCGGGUAGGCAGCUCAUCUUUUCCAGGCUGCCCCCGCACUGGGCCUAUUUCACCGGGAUUGUAGCCUGAGUUAGCGCGGGCGGUGAACUCCCGCCCGCGC
0.581395348837,.......((((((....)))))).....(((((((.(((((((((((...((((((.......))))))........((((((((.((..........)).)))))))).....((((((((...........).)))))))...((((((....))))))........((((.(((((....((((.......))))..)))))))))..((((((((((....(((((.(((((((((.........))))))))))))))...(((((((((((.....))))))))))).(((((..........)))))))))))))))........((((((((......))))))))....((((......))))...)))))))).)))((((((((.....)))))))).....((((((((..((((((.............)))))))))))))))))))))..........................(((((((((.........))))))))),0.12875748222,0.959373002848,0.924051558556,0.929924669822,0.977592553701,0.991386801996,0.996067021983,0.71615106782,0.201854465324,0.631782945736,0.183589631711,GACGUCCCUGGCAGAAAUGCCGGCGGGGCGCCCAUCCCAUGGCGCGGCCCCGCGUAAGGAUCAUGCGUGUUUGUGAUGGGGAUGUUCGGGGGACCUUCCGAAUGUCCCUUUCCUCCCGACGCCUGCAUACUGCGCUGUCGGGACUCCAGUUAGACAGCUGGAGUUAGCGUGCUUGCCCUACCUCGGCCAACUUAGCCGACGGGGAAGCAUUGCUGCCGCCCUGCCGAGACUGCCGCUCCCCCAUAUUAGGGGGGUGGCGUUUCUUAGAGGCCUCAGGUAGGGUCUGAGGCCUCUUUCCGGUGGCAAAUGCGGAAGGGCGGUAGCACAGAGUACGACGGGGAGUAUUUCCUGUCGUUAACGAUUCUAGCGUCGGUUCCGCGUCAGUGGCUGCGGUGAUGGCUGCCGCAGAACACGAGCGGGCUUGGCCGGUGGCAGUGUGAUUCCGGCCGCCCGCUUGUGGGCGUGCUCAAUUGGGGGAACCUACGCUUAUAGCCCGCCAGCGUGGCCGGUGGGCUA
0.581395348837,.......((((((....)))))).....(((((((.(((((((((((...((((((.......))))))........((((((((.((..........)).)))))))).....((((((((...........).)))))))...((((((....))))))........((((.(((((....((((.......))))..)))))))))..((((((((((....(((((.(((((((((.........))))))))))))))...(((((((((((.....))))))))))).(((((..........)))))))))))))))........((((((((......))))))))....((((......))))...)))))))).)))((((((((.....)))))))).....((((((((..((((((.............)))))))))))))))))))))..........................(((((((((.........))))))))),0.177607775806,0.953624209086,0.921414043749,0.93202328222,0.978355953414,0.995203962663,0.999126004885,0.48703736509,0.254571536586,0.637596899225,0.204965632817,GAUCCUGGGUUAGGGGUUUGGCUACGGUCGGUGCCCAGUGGGGCCAAGAAUGACGCCACGUCAGCGUUGGUGAACGCGCCGAGCAAGGGCAGAUCAGACCUUGCUCGGCUUUACGGAGCGUGGGCACUCCUUUUCGCGCUCCGCUGGCAGGCAGGUCUGUCCUUAUUGUCCGGAGCGUCCGACAGCGGCGGCGCCGUUCAGGCGCCCGGCGCCAGCUGGCGGCCGCAGGGAGAGGCCUGCUCCGUUUUCGCGGGCCUCCCUUGCGUCGUUGCUUGAGUUCUUCUCAGGCAAUGAAUGCACGGAACGAUGUGCGUCGCCGGCUGGCCCGUGUAGGCCGUAAGAUGCGUUGCGGCCAGACGCGGCACCAUCCGCAGAUUGGCCUCUGCUGCUCGGGGUGCUGUCCCGAGCGACUUGCGGGCCCGUUCUUCAAAUGCCCAACCGGUGGAGAGGGUCCGCGGUAUCGGUGGUUAGUGAACCAAGAGCAGCAUGUAAGCGAUCCACUAUUAUGGUCGCUUG
0.581395348837,.......((((((....)))))).....(((((((.(((((((((((...((((((.......))))))........((((((((.((..........)).)))))))).....((((((((...........).)))))))...((((((....))))))........((((.(((((....((((.......))))..)))))))))..((((((((((....(((((.(((((((((.........))))))))))))))...(((((((((((.....))))))))))).(((((..........)))))))))))))))........((((((((......))))))))....((((......))))...)))))))).)))((((((((.....)))))))).....((((((((..((((((.............)))))))))))))))))))))..........................(((((((((.........))))))))),0.0734777744643,0.958042285579,0.929100487884,0.93664225195,0.980637648036,0.994767959269,0.99825200977,0.64514174853,0.258602732007,0.62984496124,0.125477644,CAAUUGGCUGCGAAUUUUUGCAGAGUCCCAGCGGCGGGCACUCCCCGGCCCUGGGGACUGUCUUUCUGUCUAGGUUACCACGCGCCGGGUGGUUUACUCCGGCGCGUGGCGGAAAUUGGCCUGUGUGCAGCAGACGGUCGGUGAUUGGGGGUGUGCCCCCGACGUUGUUGUAUGUCGUCACUCGCGCUCAACGCGCGCACGAUGCGUACCCGGGCUUCCCGGGUGGCGGAAGCGUGGACCAGUAAUUCCGGUCCGCGUUCCGUUUGAGCCGGCCUUGCGCGGCGAGGCCGGCUGGCCCGGCAGCUAUGGCGGGCCGGGAAGCCCGGCACCUUGUGGGACUGACAGCAGUCCUAUUUCAGGGACAGGGCUUUCUGACGGGGAGUUGCCGAGGGUGCAGAUUGCACCCUCGUUAGAGCAAGGUCACCCAUCGCUGCUCAUGAUAGGUGGGAUCUUGCUGCCGCUGUCAUUAAGUGGACUAGUGUAGAUGCGUGGUCUGGUCCCAUGGAAGCUGGACCG
0.581395348837,.......((((((....)))))).....(((((((.(((((((((((...((((((.......))))))........((((((((.((..........)).)))))))).....((((((((...........).)))))))...((((((....))))))........((((.(((((....((((.......))))..)))))))))..((((((((((....(((((.(((((((((.........))))))))))))))...(((((((((((.....))))))))))).(((((..........)))))))))))))))........((((((((......))))))))....((((......))))...)))))))).)))((((((((.....)))))))).....((((((((..((((((.............)))))))))))))))))))))..........................(((((((((.........))))))))),0.112445046989,0.955028687722,0.919287721734,0.924815846598,0.973726493773,0.988063341599,0.993958184417,0.645797130646,0.215078393857,0.62015503876,0.196142059954,GUCAGCAGUGGUCUGCGGACUACCUUGGUCUGGGAUCGUCCUCCGGGGGCUGUCGAACAGCUUUUGGCCGGUUUAAAGGCGACCCCUCCGGCAGACCUGACGGGUCGCUUGCUCUCGCUGUUCUAAGCGAGUAAUACGGCGGUAUCCACUACCUCUGGUGGAGCUGACAGUGGAUGGGUUAUCAUCGGAGGUAACGAUCCACUCCUUACCUGGGCCUCCCUUAUAUGGGCGCGGGGUGACAACACCCGGGUCGCCCUGGCCUAUUGUCCAGCAGAGGCAAGACCUCUGCUGGGAUCCCUGGUCAUCUGGGGGGGGGGGGGGCCUGUCCUUCGCUCCAGGCCGUGUAGCCUGGAGGUAAUGGCAAGAGCGCCGUCCCCCGGAGGUAUGGGGGUGCGUGUACUGCGCCCCAACCCGAUCAGUGUGUGGCCUCCGAUACCCACAGGGGCCGCAUUGGUUUCCCGGGCCAUUUAAAAAUGGACCAUCGUAAACCCCCCGCUUAUCCGGUAAGGGCGGGGG
0.581395348837,.......((((((....)))))).....(((((((.(((((((((((...((((((.......))))))........((((((((.((..........)).)))))))).....((((((((...........).)))))))...((((((....))))))........((((.(((((....((((.......))))..)))))))))..((((((((((....(((((.(((((((((.........))))))))))))))...(((((((((((.....))))))))))).(((((..........)))))))))))))))........((((((((......))))))))....((((......))))...)))))))).)))((((((((.....)))))))).....((((((((..((((((.............)))))))))))))))))))))..........................(((((((((.........))))))))),0.150805085814,0.934708436083,0.901182821913,0.911409861364,0.9664161705,0.987026768054,0.994756029311,0.664048854671,0.240312743962,0.660852713178,0.203092263833,CACCCUUCGCUAUCUAGGUAGCGGGCGAAGGUGGUUUCCGGGCCAGGGGGUGACUGAAAGCCAUAGUCCUGAUGGUUCCGCGGGCCCCCUCCCCCCUAGGUGCCCGUGGAGUAUUGUCGGGGAGGGCGGGCCCCCUCUGGCAUUCGGCUCCCGGGGGAGUUGACGAUGCGCCCGGGCCCUGACCCGAACAGGCAUUGGCAGGGCUGGGUCAUAGCCGGCCUUACCGGGGCGCGGGCCGGCUGCCAUGCAGUUGGCCUGGCCCUUGGGGCCGCCGACAUCUCCUGUUGGUGGCCAUGCGCUGCCACGGGUGCGCAAGGCCGGCUAUAAACGGUUGGGGGGCUUGGAAGUUCCCCGGCCGGCCGGGGUUAUGGCAUUUCUGGCCCGGGAGCGCUGCGAUUACCGUAGCGCCGUUCGGUUGACCUUCCAGAGGGCGGGCCUCGUGCUCUGGGGUCAGCCGCCGCCUGGGGCUAAUAUUUAACUUGAAGCGAUGACAGAGUGUAGUUUGCACACUCUGUU
0.581395348837,.......((((((....)))))).....(((((((.(((((((((((...((((((.......))))))........((((((((.((..........)).)))))))).....((((((((...........).)))))))...((((((....))))))........((((.(((((....((((.......))))..)))))))))..((((((((((....(((((.(((((((((.........))))))))))))))...(((((((((((.....))))))))))).(((((..........)))))))))))))))........((((((((......))))))))....((((......))))...)))))))).)))((((((((.....)))))))).....((((((((..((((((.............)))))))))))))))))))))..........................(((((((((.........))))))))),0.0849475185743,0.95254963579,0.913093149537,0.929468969851,0.976429984977,0.992423375541,0.997378014655,0.643059838657,0.221067756567,0.639534883721,0.14989251568,CUUAUACGCGGGGGCGUCCCCGCUAUUCAGUACGCGAGACCGUUCCUGCAGAUGCAAUGGACGUGCGUCAAUGCUCUGGGGGUCUCAGGAGGGAUUUCCUAGGGCCCCCCUGAGGCCCCCGAAAGUCGGCCCGUACGGGGGCGGCACGGGGCGCAUUCCGUCAAAACUCUCCUUUGCCGUGGACGGCCUGAAUUGCUGGUCGGCAAGGGGGGUGCACCCAUCUGUAUUGUCCCCUGGAUCCGCACCUAGGGUCCGGGGAUAGUAUGGUGCCCGGCCCUAACAGGGCCGGGCGCGUAUCCGCAUGGGGAAGGAUGGUGGGUGCACCGUGCCCGGGCUCGCUCCGGCAGGCGGGUUAUGCCAGGGAGCUACCUGGUGGGGAAUGGAUCUAGCGCCAGCAGUACUGGCGCUUAGCAUUCCCCCCAGCUAGACACAAACCGCUCGGGUCUGGGGGGGGGAGCGUGCUGACUUAUAUAUCGGGCGACCAGGAACUGAGAUUGGCGAUCUGCAUCGGUCUCG
0.581395348837,.......((((((....)))))).....(((((((.(((((((((((...((((((.......))))))........((((((((.((..........)).)))))))).....((((((((...........).)))))))...((((((....))))))........((((.(((((....((((.......))))..)))))))))..((((((((((....(((((.(((((((((.........))))))))))))))...(((((((((((.....))))))))))).(((((..........)))))))))))))))........((((((((......))))))))....((((......))))...)))))))).)))((((((((.....)))))))).....((((((((..((((((.............)))))))))))))))))))))..........................(((((((((.........))))))))),0.0651164547587,0.957592109741,0.920850649619,0.929348493166,0.97514666596,0.991551368753,0.996941017098,0.685816617038,0.215836931104,0.637596899225,0.122482372806,AUUGCUGACGCCCGCGAGGGCGUGGUUUUGUCGCUUUGGGGCACCCCCUCAGUGAGACGAGGACUCACGAGGGCGAAGCCCGCCAAGCCCGCUUGUACGCGUGGUGGGCUAGUCGGUGAUCGUGCUAAGUUGUCCGAUCACUCAGUGUCGCUGAUGUGGCAUGAAACGCACAGUAUGUGAUCCGCAGAACGUACUUGCAACACGGCUGUCAAGUGUGGGGAAGGGGGCGAAACGAGCUCUCUGACUCUGAGAGCUCGUUCGCCGGGGGGAGGGACCCUUUCGGGGUCCCUCCCCAGCCCUAGCCUCCUGGGGCUUCCCCACGCUACCAAGUGGCUGGCCACUACCGUGGCCAGCAAUUGGGGUGGGCUUCCCUAGGGGGUGUCGCCACCGCCCGCGAUCCGCGGGCGGCCAGAGGACCUGCAAGGGCUUCUGGUACCUGGCUAAGCUCGCGGGUCCGGCGACAACCUCAUGGACCAUAUAUCUAGCAGCGAGCCCUCGGAGCAGUAACGGGGGCUC
0.581395348837,.......((((((....)))))).....(((((((.(((((((((((...((((((.......))))))........((((((((.((..........)).)))))))).....((((((((...........).)))))))...((((((....))))))........((((.(((((....((((.......))))..)))))))))..((((((((((....(((((.(((((((((.........))))))))))))))...(((((((((((.....))))))))))).(((((..........)))))))))))))))........((((((((......))))))))....((((......))))...)))))))).)))((((((((.....)))))))).....((((((((..((((((.............)))))))))))))))))))))..........................(((((((((.........))))))))),0.0916216152902,0.964375963065,0.92651013494,0.93273600195,0.979061787249,0.994167389118,0.999126004885,0.688611800893,0.190235103449,0.618217054264,0.148087497432,AUUACUUCCCCCCUCAGGGGGGGUUGAAGGUCGCUGCCUGCCUUGGGAGCCGCCCAUUGUAUCUGGGCGCCGAAACUUGACUGGCUAUUCCUGUACAUAUAGCCAGUCACACAACGCGCGUUGUCCGUUUAAUAGACGCGCGGAUGCCCGGGACACCGGGCAGGGCGUCUUGCACAACUAUCCGCGGGUCCCUGCUGCCGGGUUAGUAACUGGGUCGCGUGAUUCAGGGUGUGGCCCCGGUGGAACCCUUCGGGGCUAGCCCUUGAGGUGGGGGCCGGAUCGUGGCCCCCGCUAGUAGUCGCCAGCGAGGCUACUACGCGAUUUAAACAGAAGGUCGUGUAAGCACACGCGACCACGAGCGCUAAUCGGCGUACUCCCAAGGCAGGGUGCCCCCUUUACUAGGGGGCAGUGACUGGGGCUGUACCCGGAUACUACGAUAUCGUCUGGGCAGUCUCGAGUGGCCCUCGUCCGUGACAUAUCCAACGGGCGGCGUGGCUGUUGGAUAUCCAGCCGCGC
0.581395348837,.......((((((....)))))).....(((((((.(((((((((((...((((((.......))))))........((((((((.((..........)).)))))))).....((((((((...........).)))))))...((((((....))))))........((((.(((((....((((.......))))..)))))))))..((((((((((....(((((.(((((((((.........))))))))))))))...(((((((((((.....))))))))))).(((((..........)))))))))))))))........((((((((......))))))))....((((......))))...)))))))).)))((((((((.....)))))))).....((((((((..((((((.............)))))))))))))))))))))..........................(((((((((.........))))))))),0.0972750795373,0.96186471246,0.927544790804,0.939972325293,0.984281948967,0.996347406089,0.999563002443,0.72252930687,0.218749964521,0.622093023256,0.167664055302,ACGAUCCGGGAGUCGGCGCUCCCCGAAUAGGGUGAAACCGGGCGGUGGAGAGCGUGAGGGCUACGCGUUUCUACACCUGACUGACCGCCAGCCGGAUGGUGGUCGGUCAUCUAAGAGGGUGGAGGCGGCCGACCUCACUCUCAAUGGUCUGUUUACGGACUAGCAAGGUUGCUCCUCGGUCAUGGUUCCUAUUCGACUGCCCGAUGGCAGCUGGCUGGCGCCUGCUUCGCGUCGAUGUCGUACGUUUCUCGGCGUCGAGCGAGGCGUAGGCGCCGUGCAUCUCAUGGUGCCUGGGGGCUAGUUCUAAUCGGCCCGCGCCGGUCGGAUCUACCGCAGGCUUCGAUCUGAGCCUGUCAACCCGCUGUACUGCGGAUUCACCGCCCCGGUUUGGCCCAUAACAUGGGCCAGCACAUUGCGGCCCCGUUUCUGUGCACUGUGAAUUCGGAAGGGGCCGCAUCACCCUGCUCUGUGCCAGCGCACGUAGAUGUGGGGCUCACAUGGAUAUCGUGUGAGCCC
0.581395348837,.......((((((....)))))).....(((((((.(((((((((((...((((((.......))))))........((((((((.((..........)).)))))))).....((((((((...........).)))))))...((((((....))))))........((((.(((((....((((.......))))..)))))))))..((((((((((....(((((.(((((((((.........))))))))))))))...(((((((((((.....))))))))))).(((((..........)))))))))))))))........((((((((......))))))))....((((......))))...)))))))).)))((((((((.....)))))))).....((((((((..((((((.............)))))))))))))))))))))..........................(((((((((.........))))))))),0.142210447361,0.961726604303,0.927445082126,0.935758130005,0.975524113558,0.989478221663,0.995465082428,0.680971973386,0.148968093614,0.612403100775,0.225529934539,UACUGCAUGGCAUUACUGUGCCGCCAGUGCGGGGCGCGGGCGCCCCGGGCUUCGAUUCCAUACAUCGGUAUGCAGGAGGGGAAGGGCUUAAUAGGACCAGACUUUCCCCCGGAAGUGCCCUUCUCCUACGCUGACGGGGCAUAUAGGGCCGCCAACGGCCUAAGGUUAAAGCAUUGCCAAUCGGCUUUUGAGUCAAGCUCUGGCGUGUUCCCAGGGAUGGUCAAAUUUGGGACCGCCCACACUUUAGCUGUGGGCGGUCCGGGUUUGCGAUCCGGGUUCGUAGCCUGGGUCGCAUGGCCCGUCACGUCCGGCCAGCUAUCCCUGAUCGUGAUUGCGGGCUUUUGAAGGCCCGCAUGAAUUGUUAUGCAGCAAAGUCGGGGCGCCCCGGGGCGCAAUUCGUUUGCGCCCAGGUCGGGGGGUUGCGGACCCCUAUCUCAAUGACGGGUCCAACCCCCCGCCCCGCGCAUAGGCUGCCGAUUACCAACAAUUCCGAUGCGAGGAACUGACUCGCGUCGG
0.581395348837,.......((((((....)))))).....(((((((.(((((((((((...((((((.......))))))........((((((((.((..........)).)))))))).....((((((((...........).)))))))...((((((....))))))........((((.(((((....((((.......))))..)))))))))..((((((((((....(((((.(((((((((.........))))))))))))))...(((((((((((.....))))))))))).(((((..........)))))))))))))))........((((((((......))))))))....((((......))))...)))))))).)))((((((((.....)))))))).....((((((((..((((((.............)))))))))))))))))))))..........................(((((((((.........))))))))),0.12610406218,0.950863137319,0.911336656121,0.9270089274,0.978191760296,0.993895952481,0.997815012213,0.718605708838,0.19902235061,0.647286821705,0.204779767845,AAACCCAUUCGGCCCCUGCCGGGAAUCGUCGGCUCGUUCCCCCCCCGAUCAUCGAGAAGUGUCCUUGAGUGGCUCGGGCUGCGCGGGGAGAACAUUAUUUACGCGUAGCUCAGUACGGGCCGCGUCUGGCUAACAGGUCCGUCAUGUCCUCCCCGGAGGGCCCUGUUCUGCGAUCGAUCUGGUACCGGUUUUUACGGUCGGAUCAUCGCUCGGUGACCGCGAGAGCUCCUGGCUGGCGUGGUGACCGCUCGCGCCAGCAGGGGCCCAGCGCGCCCUAGAUGUUAGGGCGCGCUGGCCACAUGCCUGACUGUGGCUGCGGUCACCGAAAACACAGGGGAGAGGCGGGUCUCCCCUGGUAGAGCGAGAUAGCUCAUCCGGGGGGGUGGAGUGGUCCCUCAACGGGACCGCACUAUGUUCCGGCUUCGCAGGCGGGUCCUGGAUGCUUGCGGCCGGAAUGGGCCGAAGGGGGCUCCCCAGUCAUUUCGACCUGGAUCGCGUACUUUCGAUGCGCGGUCC
0.581395348837,.......((((((....)))))).....(((((((.(((((((((((...((((((.......))))))........((((((((.((..........)).)))))))).....((((((((...........).)))))))...((((((....))))))........((((.(((((....((((.......))))..)))))))))..((((((((((....(((((.(((((((((.........))))))))))))))...(((((((((((.....))))))))))).(((((..........)))))))))))))))........((((((((......))))))))....((((......))))...)))))))).)))((((((((.....)))))))).....((((((((..((((((.............)))))))))))))))))))))..........................(((((((((.........))))))))),0.11180147142,0.943981411666,0.910987716951,0.924663007272,0.974525737952,0.993023945692,0.99852406533,0.466651652576,0.228330512473,0.658914728682,0.158698434414,GGGAUCAGCCAAAGUUCUUUGGCAAGGCAGGCCCUCCCGUCGGCGGUUGUAAUCGUCCGCCCCAUGAUGGACCGGCCGAGGUGCUCCCCCCCAGUUAAGGCGGCGCCUCCGGUGCUGCAGCUUCAUUGCCUACGCGCUGCGGUCGGGGUGUAAUGACACCCUCAGCGAUAUUAGACUGCCGAAGGCUUAGCGCGGGCUAUGCAGCUGGUACGCCGGGGGGGGGGCGCCCUCGCCGCCGCCAUUUAAGUGGGUGGCGGCAGGGCGAUGCUUCUGCCUCUCGAGGGGGCGGGAGUAUCGCCGGCCCAUUCUGGCGGCCCCCCCGGCUGCCAAUCAGGCCUGGUUAUCUCCAGGCCUACGAGCCCAGUAAUGGGCGCUGCCGCUGAGCGGUUGUGUGCUCAUCGCGCACAAGCCGGUGUCCUGUGAGCGCUCAUCCUUCCGUGGGGAGCGCGCAGGACGAGGGCCUGUGAAAGGGGAAUGCUGUCGCGACGAGAGGGGACUGUUUCUACAGGUCCCCUU
0.581395348837,.......((((((....)))))).....(((((((.(((((((((((...((((((.......))))))........((((((((.((..........)).)))))))).....((((((((...........).)))))))...((((((....))))))........((((.(((((....((((.......))))..)))))))))..((((((((((....(((((.(((((((((.........))))))))))))))...(((((((((((.....))))))))))).(((((..........)))))))))))))))........((((((((......))))))))....((((......))))...)))))))).)))((((((((.....)))))))).....((((((((..((((((.............)))))))))))))))))))))..........................(((((((((.........))))))))),0.150780649216,0.959532558679,0.921059730867,0.929391837554,0.978462580654,0.993731385724,0.999126004885,0.661958628211,0.156385080753,0.614341085271,0.218980629288,UCUCUGGGGUGCUCUUCAGUACCAAAUAUGGCCCGAGCUACCUGCUUCAGGCUCAUUCAAGUAGUGGGCGGACGAGUGCAGCGGCCCGGCGGACAAUCCGUGCCGCUGCGCCAGACCCCGUGUGUUUUUCUUCCAACGGGGUAUUAGCCUGUGGGCAGGCUCUACUCUUCGGCUACUGCAUAGCUGGGCCCACACUAGGAGUAGUGCCGUUACCGCCGUGAAUGUCUCACUUCUGCGGGCUUCGACACGGUCCGCGGAGUGGGCACGCGCCGUGGGGCGAAUCCCCAUGGCGUUCUAUGUCCGCCACGCCAUGGUCGCGGCGGUCUAGCGCCCCCUGCUCCGUAGUGAGCGGGGUUGAGUCGAGCUAACGAUACAAAGCGGGUAAGCGGUGCCCCAGCGGGGGGCGCUGCGAAUGGAGGGACAUAAUGCUCUGAUCUGGCGGGUAUUAUCCCUCCACGGGCCGUCUAGGCGUUGGCGCUAAUGAGUGCGUAUUCGCUAGUAUACCCAUAGCGGGUA
0.581395348837,.......((((((....)))))).....(((((((.(((((((((((...((((((.......))))))........((((((((.((..........)).)))))))).....((((((((...........).)))))))...((((((....))))))........((((.(((((....((((.......))))..)))))))))..((((((((((....(((((.(((((((((.........))))))))))))))...(((((((((((.....))))))))))).(((((..........)))))))))))))))........((((((((......))))))))....((((......))))...)))))))).)))((((((((.....)))))))).....((((((((..((((((.............)))))))))))))))))))))..........................(((((((((.........))))))))),0.0959159231913,0.961415607143,0.921876446125,0.937638365332,0.982870281297,0.994331955875,0.99825200977,0.671882310421,0.182394658866,0.624031007752,0.16399179164,AAACAUGCACACCUCGCGGUGUGGUGUAUGGUGGCGUCCACGAGUCUCUUGCCGAAUCGAUGAUUCGGGCGUCUGACGUCUUGGCUCUCUUCCAUUGUGGAGCCGAGGCCAGGGGGACUCGUGUAGUUAUGUGACCGAGUUCACUGGGGUUUCCCGGCCCCGAGUGGGUUGCAAACCCCUCAGGAGGGAGGGACCCUCGAGGGGCUGCAGCCCCCUGGCGGGUGCUCGUCGGGCUGCGCUGUACGAAGAGGCGCGGCCGACGACGAAGCCGGAGUGCAACCCGCGCUCUGGUUUGGGCCUGACAGACAUGGCCUCUGCUAGGGGGAUAAAACCUGCCGGGGUAAUACCCGGCGGGAGAGUGUACAUGGACAUCGCAGACUCGUCGGAUGGACCCAGGCCCUGGGUCCGCCCGUGACGCAGCCUGGAUUGCGGAUAUUACUCUCGAUUCGCUGCGUCGCUAUCGAUGUUCAGUGGGUUGUUAAGAAACUACCCGGCCGGGUGUCAUGUCCGGCUGGG
0.581395348837,.......((((((....)))))).....(((((((.(((((((((((...((((((.......))))))........((((((((.((..........)).)))))))).....((((((((...........).)))))))...((((((....))))))........((((.(((((....((((.......))))..)))))))))..((((((((((....(((((.(((((((((.........))))))))))))))...(((((((((((.....))))))))))).(((((..........)))))))))))))))........((((((((......))))))))....((((......))))...)))))))).)))((((((((.....)))))))).....((((((((..((((((.............)))))))))))))))))))))..........................(((((((((.........))))))))),0.134193921539,0.945861913854,0.910385576301,0.917477133704,0.966388830551,0.986755331416,0.993882034196,0.647605397993,0.208171863738,0.635658914729,0.196622346297,CGUGCCUUGGGGUUAUAAUUCUAUGCAAGCCCCCCCGGUAGGGGUGGGGCCUGGUGCCGUAGACGCCACUCGUGCAAGCCCUCCCCGGGUAGGGCCAGCCGGGGGGGGUUGGAUUAUCUCGCGUUCCUUGACCGACGAGGUAAGCGGAGGGUUCUCCCUCCGUCAGUUGUGCUUCAAACAAUGAGCGGAGACACCGCUUUGUUUUAGCAGAGGGGGAGUCGGCAGGCCCUAGCUAUAGCCUGUUUGGUUGGCUAUGGCGGGGUGGCGGGCCGCCCCCGCCUUGGGGGCGGCCCGCCGGGCAUGUAUCCUCUCGGCGAUUCCCCCGUUAUCGGUUGGCUGGGUUAGGCCAGCCAGCGGCGCCGAUUAACUGGCCUGUCACCCUUAACCCGCUGGGUUAGCCGCCUAGUGUACCUGCUGCUCAAGGCUGGGUGAAGUGAAAGAUCCCGGUUGAGCAGCGGGGGGUGUCACGGAAAACUGGGUAAGGCAAUCGGUUGCCCUACCCCGCUGGGGGCGACU
0.581395348837,.......((((((....)))))).....(((((((.(((((((((((...((((((.......))))))........((((((((.((..........)).)))))))).....((((((((...........).)))))))...((((((....))))))........((((.(((((....((((.......))))..)))))))))..((((((((((....(((((.(((((((((.........))))))))))))))...(((((((((((.....))))))))))).(((((..........)))))))))))))))........((((((((......))))))))....((((......))))...)))))))).)))((((((((.....)))))))).....((((((((..((((((.............)))))))))))))))))))))..........................(((((((((.........))))))))),0.135635437119,0.940516715411,0.90676879842,0.923861467881,0.976065754274,0.994438825756,0.999126004885,0.45379388811,0.191805642632,0.651162790698,0.201980449808,UAAUGAAUGGGACGUGAGUCCUAGGGCUUGGGUCUGUGGGCCUGGGGUGAUCAGGUCAACGUGGCCUGCGUAAGAGGAGGGACCUCAGGCGGGGACACCUAGGGUCCCUGACACUGGUCCCGCGUGCCAUUAACAGGGGCCGUUAUGGCCCGGCGGGGCUAAAUUGACUCUCUACCCGUAAAUGAGCCGGGCGCGUUCUGGCGGCGGGGCAGGCUAGUGGCCAGCCCGCUCCGCGGGGCCCUCCCCGUUGGCCUUGCGGGCGGCCCUCUCGGCCCCCGCAGGGGGGGCCGAGAAGCCCACUUAGAUUGGUGGGCGCUAUUAGCCCGACGUGGCGUUGGGCUAUGCCGCCCAACGGCGGCUUCACCACGGAGGCGCCCCCAGGUUCCAACGCGGGCUAACGGCCCGCGUCGGUCGUCUGUAGGCUGAUUGUGUGAUAUGGGUUUAAUUACUGCAGACAGGCCCAUGCCAAUUUCGUCGUAGGUAACCGCUGGCACGGGUGACGUAACAGCCCGUGCU
0.581395348837,.......((((((....)))))).....(((((((.(((((((((((...((((((.......))))))........((((((((.((..........)).)))))))).....((((((((...........).)))))))...((((((....))))))........((((.(((((....((((.......))))..)))))))))..((((((((((....(((((.(((((((((.........))))))))))))))...(((((((((((.....))))))))))).(((((..........)))))))))))))))........((((((((......))))))))....((((......))))...)))))))).)))((((((((.....)))))))).....((((((((..((((((.............)))))))))))))))))))))..........................(((((((((.........))))))))),0.223886017403,0.938561175888,0.899955481979,0.919499517909,0.976935781227,0.994167389118,0.997815012213,0.632759147381,0.222740877467,0.662790697674,0.249039166599,GACUGCGGUCUACGUAGGUAGAUGACUUCGGGGGGCGGGACCGGACGGUUCGCCUUUGGACUCAAGGCCUAAUUAGUGCCCUCGGGCCUUGCCCUAGGGGUCCGGGGGCAGUGGGCCUCGAGCGCGCCUUUGCUUUCGGGGCUGUGGCGGCCACUGCCGCCAAAACCUAUCCCGCCAGGGCACAGAUUCGGGCUGUCUAGUCUGGGGGGUUCCUGGAGCAGGCUUGUGGUAGGGCGGCCGGGCCCGGCCCGGCCGCCCACCGUCUUGCUGGCUGCGCCUCCGGCGCGGCCGGCGGAGCGGAGGUUUAAGUGCUUCUGCUCUAGGAGGGCCGAUGGAGCUUCCGAAGGAGCUCCAAAUGGCAGGGUAACCUGUACUCGUUCGGUGCCCGCGCCCCUGGAAAAGGGGCGCCCCGGCGUUACGCUUGGUGCGAGCUGCUCCGGAUCGUACCGCGUAGCGCCCCUUGGCUUCAUGCCUAUCAAAAAGUAUACGGCCCCCUCACAGAAAUGCUGAGGGGGC
0.581395348837,.......((((((....)))))).....(((((((.(((((((((((...((((((.......))))))........((((((((.((..........)).)))))))).....((((((((...........).)))))))...((((((....))))))........((((.(((((....((((.......))))..)))))))))..((((((((((....(((((.(((((((((.........))))))))))))))...(((((((((((.....))))))))))).(((((..........)))))))))))))))........((((((((......))))))))....((((......))))...)))))))).)))((((((((.....)))))))).....((((((((..((((((.............)))))))))))))))))))))..........................(((((((((.........))))))))),0.167391095602,0.946708221984,0.905432947685,0.914075533868,0.965789623956,0.989042218268,0.996339077543,0.691689071892,0.206920916588,0.649224806202,0.194726116355,AUCGCACAGAGCCGGCCGGCUUUGUGUACGCGGCCCCCUUUGUUGGCAAGAGCCUGGUUGACCCGGGUCGAUCAACUGGCGGCCGGCCCACCCUAAUAGGUUGGCCGCCUGCCGGUGGGUACACCACCCAAUUGGUAUCCACACGCGGGGGUAGUCCUCCGACGCGACUGGGGCUUGCUUAUUUCCCCCUAUUUGGGAGUGGUAGUCCUUGCGACUGAGUUUUCGCGGGGUCGAGCGCUAAGGCGACGAUGGCGUUUGCCCCGGCCGGCGCGUGCGCACAACGUGCACGCGCCGCGCGUCUCUAUCACGACGCGAGCUCAGUCGCAACGGAUCGGGGGGCACAUUGGCCUCCCGCUAUCCCUUGCUUAAGGGUCCGCUAACGAGGGGCUGGGGGUUGAAGGCCCCCAGGACGUGCUCCCCUAUACCAGUUUGCACGGACAUCGCUGGUGGGGGAGCGGCCGCGGCACAGAUUACAGAGCAGCGGGACUUACGCGCGGAUCACCCCUAUCCGCGCGU
0.581395348837,.......((((((....)))))).....(((((((.(((((((((((...((((((.......))))))........((((((((.((..........)).)))))))).....((((((((...........).)))))))...((((((....))))))........((((.(((((....((((.......))))..)))))))))..((((((((((....(((((.(((((((((.........))))))))))))))...(((((((((((.....))))))))))).(((((..........)))))))))))))))........((((((((......))))))))....((((......))))...)))))))).)))((((((((.....)))))))).....((((((((..((((((.............)))))))))))))))))))))..........................(((((((((.........))))))))),0.180949812817,0.940711103588,0.905191657998,0.918861835415,0.971937378506,0.99024335857,0.997213072658,0.614483720326,0.184652261129,0.664728682171,0.245738800715,UUCGUUACUGGGGCGGUCCCCGGGUAUCGCUGCGGUGCACCGGAGAGGUUGGGGCGCAUGGUACGCCCGUUGAACGGUGGGGGUUCCCCGUUCUGACGGGCGAUUCCUACUCUUGCAUCCCGAGAGUGUGAGCCCGGGAUGCAGCGGAGGUAGUUGCUUCCAUCUACAGGUCGAUUAGGGACUUCGCCACAAUAGUGACCUUUAGCGGCAAGGGGGCGGAUCGCGGGACUCCUGCCGUAGUUGCCUUGGCUGCGGCGGGGUUCACAGGGGGCGGCCCGACCUGGGCCGCCCCCUGCCCCUGGCCCUCGCGGGGCGUCCGCCCCCAAAGCCCCAGUUCGGGGGCGGACCCGAACUGCAUGGCAAAGGGUUGCCGGUCUCUCCGGAUGCGCGGACUCGUGACGGGUCCGUUCGUGUAGCCCCAAAUGGCCGCGAUGGUCCGGCGCGGCCAUGGGGCUACCGUAGUACGAGAGUCGGUAAUAAGUAACUGGGACCAGGGCCGGCGUUGAAGGCCCUGGU
0.581395348837,.......((((((....)))))).....(((((((.(((((((((((...((((((.......))))))........((((((((.((..........)).)))))))).....((((((((...........).)))))))...((((((....))))))........((((.(((((....((((.......))))..)))))))))..((((((((((....(((((.(((((((((.........))))))))))))))...(((((((((((.....))))))))))).(((((..........)))))))))))))))........((((((((......))))))))....((((......))))...)))))))).)))((((((((.....)))))))).....((((((((..((((((.............)))))))))))))))))))))..........................(((((((((.........))))))))),0.0879714785948,0.96003548857,0.928881135534,0.93906092535,0.983141101656,0.995203962663,0.999126004885,0.709855861663,0.219877213007,0.625968992248,0.144591543221,CACCCUGUUCCACGUAUGUGGAGGUCUUGGCUGUGCUUCCCUUAGGCACUCCCCGGCGAAAGUUUGGGUACGUCGGUGCAGGGGUUUGGCAGGGACUCCGUACCCUUGCGACCUAUCGAGGGAAGGACUUGCCUUUCUUGAUACUCAGCCUGGACAGGCUGCAGAGUAGUCUGCCGCUCGACAGCUGGCUGUACCGGCACGAGCGCGGAUGGGCGUGCCGGGUGGGAAGAGGGGGGGUACAUGCGUAUCGUGCCCCCCUCUUUCAGUCGCCGGCACGCGAUUCGUGCCGGUGGAGGCUCCAGCUACCCAGAGCCCUGGCGCGCCUCAGCCGGGCGGGGUUACAGAGGAUCCCGUUCACGUCUCCCACUGGGCAAUGCCUGAGGUGAAUAGUACUGUAAUCCAGUGCUACGGUUGGGCCAGGCUAGCGCGUGCUGGUUCCGCUCGUGCUCCUGGCCUCACAGCUCCCCCGGAGCCUAUACACAUAGCUUAGGCUUCCGACCGAAACGUUCGGAGGCU
0.581395348837,.......((((((....)))))).....(((((((.(((((((((((...((((((.......))))))........((((((((.((..........)).)))))))).....((((((((...........).)))))))...((((((....))))))........((((.(((((....((((.......))))..)))))))))..((((((((((....(((((.(((((((((.........))))))))))))))...(((((((((((.....))))))))))).(((((..........)))))))))))))))........((((((((......))))))))....((((......))))...)))))))).)))((((((((.....)))))))).....((((((((..((((((.............)))))))))))))))))))))..........................(((((((((.........))))))))),0.100894713825,0.935608722188,0.90259952095,0.919875514769,0.976780092626,0.993895952481,0.999126004885,0.674288307322,0.180892990806,0.676356589147,0.163441198647,UGGUAACGGGGAAGGUGUUCCCCGCCGAACGCACCAUGCCCCAGUGCCCGAUCGCGUGAUAAUCGCGGUACUCGUCUUUCCCGCCCGCCCCCAAAAGUGCCGGCGGGAGCAGUCUGUUGUCGCGAAAGGAAUACAGGCAACAGUACCCCCCCUGUGGGGGGGUACGCUACCAGCCCGACUCCGCGGGGGAUCAACCCGGAGUCGACUGGACCUGUCCGAGUUCCUCGGGAGGGCUCCCAGCGACUGGCUCUGGGAGCUUUCUGGUCGGGGGGGCCCCAGGGAGGGGCCCCCCCACCGGUAUGCUUCUUGGCCGGACUCGGACGGGGCGCGGACCGCGGCCAGCUUGGGCUGCGGAUCCCGCCGUGUGUGGCGGCGGCACUGGGGGCGCCCGGGUAUUCCCUACCCGGGCGCUAGCCUACCGAUGGCCACCUGACUCGGAUUCGUGGCCUGGUGGGCGGUGCGUCCUACGCGGACUUUCCUAUAGUCUUCGGACAUGGUGUCGUUGCAGCCAUGUUC
0.581395348837,.......((((((....)))))).....(((((((.(((((((((((...((((((.......))))))........((((((((.((..........)).)))))))).....((((((((...........).)))))))...((((((....))))))........((((.(((((....((((.......))))..)))))))))..((((((((((....(((((.(((((((((.........))))))))))))))...(((((((((((.....))))))))))).(((((..........)))))))))))))))........((((((((......))))))))....((((......))))...)))))))).)))((((((((.....)))))))).....((((((((..((((((.............)))))))))))))))))))))..........................(((((((((.........))))))))),0.254992857402,0.944123490299,0.909366263186,0.922695927621,0.975417486318,0.991279932115,0.997815012213,0.631173045574,0.172289132114,0.645348837209,0.286622736058,ACUUCGGCCCGAGCAAACUCGGGUCCCGCUCCGGAGUGUUCCCCGGCAAUAAGUUGGAGAUCCCGGCUGGAAUGCGCGGUCGCGCCGAAAGGACUUGGUUCGCGUGACCCUUCACUCUCGGCCCCAGUGCCAGGCCCGGGAGGAGAGUGGGUCCCCCCACUUGGCGUUAAGUUGGAUCCUACUGUCGGAAGUAAUGGCGUGGAUGAACUCCGCCCUCCGAGGCCCGAGUCGCCGGCAGAUUCAUGAACGGUUUGCCGGGGCUCCCCGACGGGCCGUGUUAACCGCGGUCCGUCCCCGGGCAAAUCGGGGUCUGGCUCGGAGGGUACGAAAAGUAGCCGGUUCGGUUACCGGCUGGUACAGCCGCCGCAGGCUUAAGUCGGGGGGGCAUCGCCGCGUAAGAUGCGGCGAGUGAGGUGUUGGCCUGCUGGCUCUCAGAGAGUGUGCCAGCGCUAACGCUCCGGGGCCACCGAUCGGAUUCGCCUCUUUAAUCUCGGUUCGCUACUUCGCUGGGCUGGG
0.581395348837,.......((((((....)))))).....(((((((.(((((((((((...((((((.......))))))........((((((((.((..........)).)))))))).....((((((((...........).)))))))...((((((....))))))........((((.(((((....((((.......))))..)))))))))..((((((((((....(((((.(((((((((.........))))))))))))))...(((((((((((.....))))))))))).(((((..........)))))))))))))))........((((((((......))))))))....((((......))))...)))))))).)))((((((((.....)))))))).....((((((((..((((((.............)))))))))))))))))))))..........................(((((((((.........))))))))),0.131719501567,0.947672444415,0.910035474479,0.926721750201,0.980531020797,0.994767959269,0.999126004885,0.642940639017,0.215340351753,0.635658914729,0.175998684705,UUUUAGAUCUGCGAGUUCGCGGGACCUUUUUGGUAUUUUGAUGGCCAAGGCCUCCGUAUCUUCCGGGGUGCAAGUGCGCUCCUGUUUCCCACCGAUUAGGAGCGGGAGCAUGGCGUGCCCCUUCCUGACCGCCGCGGGGCGCACACGCCCGUUGCCGGGCGGACUACCUCCCUCAAGCCCACUGGGGAGUAAAUUCCUUGGGUUCGGGGUGGGCCGGUGCCCCUCCUUCUCUGGCUCUAGCGUAACGGACUGGGGUCGGGGGGUAAGGGCCCGUCCCCAGCAGGGACGGGCCUCCCCGUAACUUAAAAAACGGGGGCAUCGGCCGUGCCUGUCGGUGGCCAUCAACGGCCACCGGUUUUGUCGUGGGGGACAGUAUGGCCAUCUGGGUCACGGGCUAUCGGCCUGUGGCGAUCGGCGGCCCGCGGUGCUUUGAUCACCUUAUAGUACCGGGUCGCCUGCCGAAAAAGUCGGAGUGUCGUUUCUACUCCGGUCGCCCCGUAGACUAUACGGGGCGGC
0.581395348837,.......((((((....)))))).....(((((((.(((((((((((...((((((.......))))))........((((((((.((..........)).)))))))).....((((((((...........).)))))))...((((((....))))))........((((.(((((....((((.......))))..)))))))))..((((((((((....(((((.(((((((((.........))))))))))))))...(((((((((((.....))))))))))).(((((..........)))))))))))))))........((((((((......))))))))....((((......))))...)))))))).)))((((((((.....)))))))).....((((((((..((((((.............)))))))))))))))))))))..........................(((((((((.........))))))))),0.140658711257,0.95847250792,0.925100353281,0.93882648189,0.982706088179,0.994767959269,0.999126004885,0.62615240961,0.222303759159,0.614341085271,0.198835503026,GGUCUAACGAGUUACAGAGCUCGAUGGCUUGUUGGUUCUGGUCUGGCUUUCUACGCAGCCCUGGCGUGUUGACUUACGGCGGCGCUCCUACCCUUUUCGGGGCGCCGCCACUAGGUGCACGGGGUAUCAAAGACUCGUGCGCGGGGCCUGUUGCCGCAGGUCAAUAGGGGGCGCUGCCCUAGUCAGGGUCAAAGCCUGCCGGGCCUGCCUUAGACGCGGGGGAUAAGGAGAUCCAUUCAGGCCACUUCACUGGAUGGAUUCUUGGUUAGUUGGCGGCAACGGGCUGUCGGCUGCUGAGGCCUAUCUUACUCUCGCCCCGUGUCUCAAGGCGGAUUUCCCCCCUGGCGGGGGGAUACCAGCCCUUCCAUGGGCAGAGCCAGGCCAGGAGCCCGGCAGGCUUUGCUGGGUUUGUAUAUGCCUGGUGGCCUGAAUAACGUCAUCUUAGGCCCAGGCGUGCCAACAACGCUACGGAUAUUGGGACAGACCUAGGCCCCUCCCGACACAUUCGGGAGGGGC
0.581395348837,.......((((((....)))))).....(((((((.(((((((((((...((((((.......))))))........((((((((.((..........)).)))))))).....((((((((...........).)))))))...((((((....))))))........((((.(((((....((((.......))))..)))))))))..((((((((((....(((((.(((((((((.........))))))))))))))...(((((((((((.....))))))))))).(((((..........)))))))))))))))........((((((((......))))))))....((((......))))...)))))))).)))((((((((.....)))))))).....((((((((..((((((.............)))))))))))))))))))))..........................(((((((((.........))))))))),0.101967736538,0.948924938962,0.907069953064,0.924223969167,0.974383266247,0.992258808785,0.997378014655,0.597082489674,0.231626606013,0.62984496124,0.136968753619,UUCAGAAAGGGUAAGGAUGCUCUACUAGGCCUUCUAAUCCCCCCCCCUCAACCACGUAGAAUCUGUGGCUGCUGGGAUGGGGUCCCCCCUACGUAGUUGGAGGAUCCCGGGCGGGCUGGGCGCGAUGAUGUGGCCGCCCAGUGCCUCCGACAAAGGUCGGAGCAUAAAAGCCUUGGGAUCACAUCCAAGAUCAGUGGGGAAUCCGGGGCAUCUCCAAACGCCUAUUGGGUCACCUUUCACCGUGACAAGGUGAGAGGUGCCUGAAACCUAGCCUCACCCCGGGUGAGGCUGGGUAGCGCCCUCAUUAGCGCGCUGCGUUUGGAGGUCCCAACUGCCAUCCCCUCUUGGAUGGCGUGGAGGUCCAUCGCGGCCUUUGGGGGGGGAGAUGGUGGGGCUCCCGGCCCCACCAAACGAGGGGGGCCCGCUACAGAGAUGUCCGUUGUGUGGCGCCCCCCUGGAGGGCGGGCUCGCCUCCGAUCACCGGUAAUCGAGUUGCCGUCAUCUCGGUGGCGGCUC
0.581395348837,.......((((((....)))))).....(((((((.(((((((((((...((((((.......))))))........((((((((.((..........)).)))))))).....((((((((...........).)))))))...((((((....))))))........((((.(((((....((((.......))))..)))))))))..((((((((((....(((((.(((((((((.........))))))))))))))...(((((((((((.....))))))))))).(((((..........)))))))))))))))........((((((((......))))))))....((((......))))...)))))))).)))((((((((.....)))))))).....((((((((..((((((.............)))))))))))))))))))))..........................(((((((((.........))))))))),0.219462669971,0.962689991309,0.929802492095,0.940627609584,0.982164447463,0.994767959269,0.998689007328,0.472282951804,0.238613505646,0.604651162791,0.260126169753,UAGCGUCGGGCUAGAGUUGGCCUUACUUGGUCGAGGGCGUGGAUUCUCAGUGACUGACCAGAUCAGUCCUCUGCUUGGCGCAUGGGGAAAGAAGCUAUUCACCGUGCGCUUAAUGCCUGGACUUCGUGAAUCCGCUUUGGGUUAUGCCGGCAAGAGUCGGUCGGUAGCGUGGCUCUUCUAAAGACGCCGUUCUCGUGUCAGGGACGUCGCCGGGCACCACUUUUAGCCGGCGACCGUGUGAAUCCUCAACGCAUGGUCCCGGCCGAGCAGCCGUCCCCACCGGGGACGGCUGCGUUCGUGAUUCCGAGGGCGGGGGUGGUGCCUCGUUCGUAUCUUUCCUGAAUAUGGGAAAGAGGGAGCUAGGGCGCUGGCCGGGGGAUCCGGUGUAAGGGCGCCAUUCGCGCCCUUCUUAAGGGUUGCCAGUUGGUCAUCGAUCCGCGGCGGCCAAGGCGGCUCCUCGACUCAAAGGUGGUUUUUGGGGAUCUAUUGCACUCGUCGAAGGUUGCCCGACGAGUG
0.581395348837,.......((((((....)))))).....(((((((.(((((((((((...((((((.......))))))........((((((((.((..........)).)))))))).....((((((((...........).)))))))...((((((....))))))........((((.(((((....((((.......))))..)))))))))..((((((((((....(((((.(((((((((.........))))))))))))))...(((((((((((.....))))))))))).(((((..........)))))))))))))))........((((((((......))))))))....((((......))))...)))))))).)))((((((((.....)))))))).....((((((((..((((((.............)))))))))))))))))))))..........................(((((((((.........))))))))),0.174488789358,0.951293589824,0.918585342514,0.929555658627,0.97879096689,0.995639966058,1.0,0.662702882256,0.159909879207,0.645348837209,0.242496101978,CGACAUACCCAGCCCUCGCUGGGGUAGGGGAGGGACUGUGCCGCGCCACCGGCCGGUGUGCCUUUGGCUGGGAACAUCAGCAUGUCGUUGUUUUCCAUAUGGCGUGCUGCGACCGCUGACCAUACGGAACUGUUCGGUCAGCUCCGCACACGUUUGUGUGCCCGUGUAAUGUCUUUCUCAGGGACCCCCCGAUCGGGUCUGAGGCGGCGCCUGUCUGGUACCCGCGCGAGGACCGCACCGACCACAUCGCGGUGCGGUCUUGCUACCCCGUCUGGUUGCAUUAGCCAGACGGGAUGGGAGGCGACUCUGUCCCAGUACCAGGCGUGGAUAUGCGCCGGCCCUUGAAGGCCGGCGAAACUGCCACUAUUGGCGAUCGGUGUGGCCGCGUGCCGGGCGAAAGGCCUGGCGUAGCCACGGCCCUACCGGCAGUGACAAAUAACUUCUGUCGAGGGUCGUUCCCUCUGGUUUUGUUUGGAGCGGCGGCAGUCUGCCACCCCCCUCGGGCGGGGGGGUGGU
0.581395348837,.......((((((....)))))).....(((((((.(((((((((((...((((((.......))))))........((((((((.((..........)).)))))))).....((((((((...........).)))))))...((((((....))))))........((((.(((((....((((.......))))..)))))))))..((((((((((....(((((.(((((((((.........))))))))))))))...(((((((((((.....))))))))))).(((((..........)))))))))))))))........((((((((......))))))))....((((......))))...)))))))).)))((((((((.....)))))))).....((((((((..((((((.............)))))))))))))))))))))..........................(((((((((.........))))))))),0.128948332737,0.940771345881,0.907565361657,0.924421578148,0.975195727321,0.99329538233,0.999126004885,0.730748019698,0.174517109234,0.668604651163,0.173560116259,GCCAAGGGACCUCACCGGAGGUCCCAAUUCCGGGGUGGCUGCCCCCCCUUCGCGGUUGAAGCCACCGCUUUACGACCCGGGUCUGGCGGAGGUAAAAUCGACAGGCCCGAAACAGCGGACUGGGCGUCGUUAGCUGGUCUGCACCGGACGACUUUUCGUCCGGCAACGUGGAGCUCGGAUGGACUCCCUCCACCGGAGCUUCCGACUCCCGACCUGACCCCCACUGUCGGCGGCCCUUGCGGGAACGCCGCGGGGGCCUCGACAACUGCUCGGGCGCUAGUUGCGCCCGAGCGUGCGGAAAGAAGAAAGUCUGCGGGGUUAGGUUUAAAGCGGGAGAGUUACAAGCGGCUCUCUGGGUGCGCCUGGGUGUGCUACGGGGGGCAGGCUAGGGGUGCGUCCAGCGCCCCUUAGAUCUCCCGGCGGGCUCGGAGUAUGUUCCCUCCCGGGCGCCGGGAGCCCCGGGGGGCGAUGCGCGUCAAAAUGACGCCUUUGCCGUGCGCCAAAUAUGCGCGGCAG
0.581395348837,.......((((((....)))))).....(((((((.(((((((((((...((((((.......))))))........((((((((.((..........)).)))))))).....((((((((...........).)))))))...((((((....))))))........((((.(((((....((((.......))))..)))))))))..((((((((((....(((((.(((((((((.........))))))))))))))...(((((((((((.....))))))))))).(((((..........)))))))))))))))........((((((((......))))))))....((((......))))...)))))))).)))((((((((.....)))))))).....((((((((..((((((.............)))))))))))))))))))))..........................(((((((((.........))))))))),0.130080500535,0.931103087559,0.896040960415,0.908181163326,0.964697838006,0.986261631146,0.995028084871,0.615562424417,0.20323484189,0.662790697674,0.176622575844,UUGUAAUGCGGGCAACUGUCUGUGUGUCGGCUGUCUGGGAAGGGCGGUCGCACGGGGCCGGAGCCCGUUCCCGACCUUCGUAUCGGUGGCCGGCCGGUCACCGGUGCGAGUCCUCGGCCGUCACACAGGUGAAGUACGGCCGCAUGCCCCCGGCCGGGGGCUAGUAAGCCUGCUUCGCACUAUACAAAAGGCAAUUGUGCUGCGAGCGGUUCUACUGCCGUUUUGUCAGUUCCGCGCUGGGUGUCGGACCCGGCGUGGGCUGGUAAGUGGUUCGGGUUCGGAGCCCGAGCCGCGCGGCCAUUCCGGUCUGGCCGACGGCAGUGGAAUAACAAGUGGCCGGGUCGGUCUGGCCACCUUUGCGAGUUCAUUCGCCGGUCGUCCUUUUCCGUGGCCGGUCUGCCCGGCCACCGACUGGGCGGGGAACAGGGUCCUACUGUGCGCCGCUCUGCUCCGCCCGGCAGUCACACAUCUGGUCCGAAACCGACCGUAGCUGGUCGGAGGGCGUGACCGACCAGC
0.581395348837,.......((((((....)))))).....(((((((.(((((((((((...((((((.......))))))........((((((((.((..........)).)))))))).....((((((((...........).)))))))...((((((....))))))........((((.(((((....((((.......))))..)))))))))..((((((((((....(((((.(((((((((.........))))))))))))))...(((((((((((.....))))))))))).(((((..........)))))))))))))))........((((((((......))))))))....((((......))))...)))))))).)))((((((((.....)))))))).....((((((((..((((((.............)))))))))))))))))))))..........................(((((((((.........))))))))),0.0976417301032,0.946650447883,0.912707613513,0.930775159406,0.977756746819,0.995203962663,0.998689007328,0.736692572339,0.191678069124,0.639534883721,0.143536732667,GGGACUGCCACGCAGGCGUGUGGUGAAUGGACUCUAGCCCCCCAAGGAGCACUCCACCAAUGUUGGAGGAAACGUUACCCGGAGGGCCUCUCCCCUCAGGCCCUCCGGGAGCGGUCCGCGCUCCUACAGGUAGGUGCGCGGACAGGCCUCCUAUUGGAGGUUUGGGUCUGUGCUCUCCCUUUGCCUGGUUACCGCGGGAGGGGACGCACUACGCCCGGGCGACACUCUAUGGGGGUAAUGGGUAACUGCCGUUGCCCCGUAGGCUCAACGCUAGCCUUCGAAGGGCUGGCGUUCGGAGGGCAAACUUAGUCUCCUGUCCGGGCGGAGACCACGGGGCGGCUUCAAUGCCGCCCCAACUUCCCUUAUGCGGGAAAACCUUGGGGGGGCGGCAGAGAUUACCUCUCUGCCUAGACCUUUGACCGACCGCCUCUGUGACUUGACAGGGUGGGGUCAGGGGGGGUCCUCACUACCAGUUCAACCGUCAGGAGCACGCCCCGGAUGAACGCGUCGGGGCGU
0.581395348837,.......((((((....)))))).....(((((((.(((((((((((...((((((.......))))))........((((((((.((..........)).)))))))).....((((((((...........).)))))))...((((((....))))))........((((.(((((....((((.......))))..)))))))))..((((((((((....(((((.(((((((((.........))))))))))))))...(((((((((((.....))))))))))).(((((..........)))))))))))))))........((((((((......))))))))....((((......))))...)))))))).)))((((((((.....)))))))).....((((((((..((((((.............)))))))))))))))))))))..........................(((((((((.........))))))))),0.12251951223,0.945067744462,0.912358883208,0.924383088539,0.981343481871,0.993402252211,0.997485128218,0.709080235053,0.247215986978,0.658914728682,0.175694999959,AUGUUUGGGCCCCGAGAGGGGCUCGACAGCGCUGCGGGGCCGCUGGUGCAGUGGGGCCCAUAGCUCCAUUAUCCGAGUCGGUUGGGUCUUAUUUUGCUGACCCGGCCGGAGGGUCUCCACCGCGGGGUAGUCCCGGGUGGAGGCUGUACGCAAUCGCGUGCGCAUGGCCUACAACCGUGAGCUCGUCCGUAUUCGACGAGUAUGUUGUGUCUUAGUCGGGUUCGGCCUGCUGGUCUACCCCACAAUCUGGGGUAGACCGCAGGCGAGGGCGGUACCCCAACAGGGUACCGCCCCCGCUGCGCGUCACGGCAGCGACCCGGCUAAAACCGUACCUGGCUGGCGUUCGCCAGCCAGUGCACGGUAGGUUGACCGGCAGCCAGCGGUCUUCCGGGCGUCUUGAGCGCCCGGCCCUCGCCGGCGCUCCGGCGGAGUAGAUUUCAUCCCGCCGGCGCCGGCGCGGCGUAAAGCCAGGGCUUCCACAGUAUUUUUCACGAGGACGGCAUGAUCGUCCUCGUG
0.581395348837,.......((((((....)))))).....(((((((.(((((((((((...((((((.......))))))........((((((((.((..........)).)))))))).....((((((((...........).)))))))...((((((....))))))........((((.(((((....((((.......))))..)))))))))..((((((((((....(((((.(((((((((.........))))))))))))))...(((((((((((.....))))))))))).(((((..........)))))))))))))))........((((((((......))))))))....((((......))))...)))))))).)))((((((((.....)))))))).....((((((((..((((((.............)))))))))))))))))))))..........................(((((((((.........))))))))),0.0716967471146,0.941180265737,0.906227685379,0.916639866891,0.965789623956,0.988499344993,0.99650401954,0.75195071979,0.212153166721,0.660852713178,0.131249665283,AUCAGAAGAGCUUCCCGGGGCUUAAGUCAGGGCCUGCACGCGUGCGUCACUGGGGUCCAUGAAACCCCUCCUGCCACGCUUCCGCCGGGGAGUGCUCACCGGCGGAGGCACUACCGGGUCUCUCACCCUCUUAGAGGACCCGUGAGAGGAUGCCAGUCCUUUUUAAUCUCCUUGUGGCGGCUGGCUUUGCUAUCGGGCCUUGCCUAGGGGCUGCCCGCGCGGCUUGCGGCUCCGGGGGUCGGCUAAGGUGGCUCCCGGGCCGCUGACCGGCCCGCGUCGCAGAUGCGGGCCGGGGGGUGCAGGUAGGCUCACUCCGCGCGGGCAACCCAUGAUCCAGUUAUGUAUUUAGCUGGGAGACCCGUAGACAUACGGGGGACGUGCGUUGUGGCUGCCGGUACAUCUGGCGGCGGCGGGGGGGACCAGUUGGGCACUCGUAUACCUUGCCCGAGGUCCCCCGGGUUCUCGAGUUGUGCGGGCCGCCAGUACUGAGGGACAAGGCUGGGUUCUCCUUGUCCC
0.581395348837,.......((((((....)))))).....(((((((.(((((((((((...((((((.......))))))........((((((((.((..........)).)))))))).....((((((((...........).)))))))...((((((....))))))........((((.(((((....((((.......))))..)))))))))..((((((((((....(((((.(((((((((.........))))))))))))))...(((((((((((.....))))))))))).(((((..........)))))))))))))))........((((((((......))))))))....((((......))))...)))))))).)))((((((((.....)))))))).....((((((((..((((((.............)))))))))))))))))))))..........................(((((((((.........))))))))),0.122050630201,0.950380483199,0.911220043061,0.925155065967,0.976886719866,0.992423375541,0.99825200977,0.687374580882,0.287478569646,0.643410852713,0.190075242422,AAUCCAGCCUCGGAUGUCCGGGGCUCGCUGGUCUGAUCAACCCGGGCCGCUCGGCAUUUACCGUGCUGACAAGGUCGCGGUCGCUCUGGCGGCCCAUGCAAGGCGGCCGGGACGUUCGGCCGAGAGAGACCGCUUGGCUGGAUAUCCGGCUUCUUAGCCGGAUGAUUCGCUAGUCACUCGCACGGUCCAGAGCGGGCUGAGAGUACUAGCUCGCGUGUCCGGCCUGGGGGAGCGGGGGCAAUAAGGAUUUGCUUCCGCUCCCCGAGUCGCACCUCUUUGGAGAAGGGGUGCGAGACCUUCCAUGCUUUCAAGGUCGGACGCGCGCGUCUUUGGCUGGCGGAACAAUUCGCCAGUUUCAUUCACACGCGUGAGCGAGCCUGGGUUUGAUAGCCGGCAGAUCGUCGGCUGUAUUAGCCCGAGGACGCCUGGGGGUUCGUGUAUUCCAGGUCCUCGGGCCAGACUGCGGGCAGCGGCGGUGACGCAGGGCGUUAGGCCCGGGCGUAGGCCCCGGGUUUG
0.581395348837,.......((((((....)))))).....(((((((.(((((((((((...((((((.......))))))........((((((((.((..........)).)))))))).....((((((((...........).)))))))...((((((....))))))........((((.(((((....((((.......))))..)))))))))..((((((((((....(((((.(((((((((.........))))))))))))))...(((((((((((.....))))))))))).(((((..........)))))))))))))))........((((((((......))))))))....((((......))))...)))))))).)))((((((((.....)))))))).....((((((((..((((((.............)))))))))))))))))))))..........................(((((((((.........))))))))),0.08674529142,0.956366242024,0.917449281902,0.935889067274,0.980345106266,0.992587942298,0.99825200977,0.612069341828,0.175888607818,0.635658914729,0.145079408454,UGCCGGGUGCCGCAGAUGCGGUAAUUGUGCGGGGGGGACUGGGGAGAGCUAGCCAGGGCAAGUUUGGCGCGUUAGCAGGGGCUGUCGCCAACACUACCGUGGCAGCCCUAAGCCGGAUACACACACAGCUCCAGCUGUAUCUUUCGCCCGUGGCGAUGGGCCGUGAUUGAGUCAGGGGCGAGUUCUAGUUAAGGUGGAGUGCCCCGGCUGCUUCGAACGCAAGUACUGUGGCUGAAGGAUCGAAAACAAGUCCUUCAGCGCAGUCAACUAGGGAUGCGGGGGGCGUCCCUAGUCGUCCCCGGCGCGAACGGGGCUGCGUUCGGGCAGUUAUCGCGCGCCGACGUGACGGCGCGUGCUCUGCCACGACAGGCAACGUCUCCCCAGGUCCCCCCCUUUUGGUGAGGGGGGGUAUGCGUGGCGGCUAUGGCGCGGAGUCUAAUUUCGCUAUCUGCCACGCCCCCGUAUAGAGCCGGUAUGGUAGGGGACCAACUGGUGGUCGGCACAACGGACCGCCAG
0.581395348837,.......((((((....)))))).....(((((((.(((((((((((...((((((.......))))))........((((((((.((..........)).)))))))).....((((((((...........).)))))))...((((((....))))))........((((.(((((....((((.......))))..)))))))))..((((((((((....(((((.(((((((((.........))))))))))))))...(((((((((((.....))))))))))).(((((..........)))))))))))))))........((((((((......))))))))....((((......))))...)))))))).)))((((((((.....)))))))).....((((((((..((((((.............)))))))))))))))))))))..........................(((((((((.........))))))))),0.125763344735,0.953821421748,0.916477435967,0.925505284411,0.973184853057,0.988935348387,0.996941017098,0.606637590399,0.200529652626,0.631782945736,0.19461392276,AGCACCCGCUGUAACAGUACAGUGAUCGUUGCUUCGGCGCUACCCAACACCUUGGGAGUGCGACCCGAACGAGGUUCAUGGCUCGGGGGGUGCGGUGACCACGGGCCAUAGUUGCUCCCGAGCGCGCUUGAACUGUCGGGGGGAGGUGGCUACUAGGCCACCACUGUCCCGCCUGGGGCUGGAGCAGGCAUGAGCUGUAAGCCUAGGUGCACGGCUUGGGAGUCAGUGCCAUCCUGGCGCGUUAUCCUGGUGUCGGGAGGUACCAGCGGACGGCCAGAGUAGUUGGCCGUCCGAGACCACGAGGGAGUGUGGUCUUCCGAGCCGAGUUGACCGCGCCUCGGCCAGACGAGGCGUAUCCCACGAUGUGUCGUGUUGUUGGGUGGAUGUGAGCUCCGCCCACCGGAGCUCCGGUUGGUCGGGGGUAGUUGCGCUUACUUGAGUUGCGGCUCCCCGACUGGAGCAACGGAGCUGCAUGUGCAAGAUUUCUCACAGCGCUGCAUUAGCAAAGCGGCGCUG
0.581395348837,.......((((((....)))))).....(((((((.(((((((((((...((((((.......))))))........((((((((.((..........)).)))))))).....((((((((...........).)))))))...((((((....))))))........((((.(((((....((((.......))))..)))))))))..((((((((((....(((((.(((((((((.........))))))))))))))...(((((((((((.....))))))))))).(((((..........)))))))))))))))........((((((((......))))))))....((((......))))...)))))))).)))((((((((.....)))))))).....((((((((..((((((.............)))))))))))))))))))))..........................(((((((((.........))))))))),0.0965366550707,0.941636219527,0.906774424477,0.923591261176,0.97514666596,0.991279932115,0.99650401954,0.59299976137,0.236395136736,0.643410852713,0.145226320208,UUGUUGGGUUCCGGUUUUGGGACUAUAUGGCGGGCCUCCAGGGUUGAUUUCUCGUUACAUGAGAGCGACCACGAGUUGGUGGCUGGCCCUUCGAUGCUGGACGGUUAUUCCUGCUCCUGCGCUUUGGCCUCGGGUCGCAGGAAGAUCGGGCCUUAGCCCGAAUUUGUGGUCAUCGCUCGAAUGCCCUUGCGCCAAGGGGUCGAGAGUGAGUUGGGCCCCCUCUGCUCGGCCGCGCACAAGCGUGGUGACCUUGUGCGCGCCGGCUUGCGCCCCCCUGCUGUCCGGGGGGGCGCUGGCCUUACUAAAUGCAGGCCGGGGGGUCUACCUGCGUUGGCUCCGGAGAAGACCGGGGCCUGAGCCGGUAUCCCUCGGGAGUCAGCCCUGGGGCGCUGAGUGGCUAACUCGGUGGAGUCGGCGGCUCCCAGGUGCCCGAUCGUGUCGAGCGCCUGAGCCGCCGCUCGCCGCAGCAGAGACUUAUUCCCUGAAUGCUGCAUCCCAGGGUUUGACUGGGAUGCA
0.581395348837,.......((((((....)))))).....(((((((.(((((((((((...((((((.......))))))........((((((((.((..........)).)))))))).....((((((((...........).)))))))...((((((....))))))........((((.(((((....((((.......))))..)))))))))..((((((((((....(((((.(((((((((.........))))))))))))))...(((((((((((.....))))))))))).(((((..........)))))))))))))))........((((((((......))))))))....((((......))))...)))))))).)))((((((((.....)))))))).....((((((((..((((((.............)))))))))))))))))))))..........................(((((((((.........))))))))),0.213451376476,0.955703104632,0.922092450517,0.933636941309,0.983141101656,0.997383979635,0.999563002443,0.705177331123,0.122732121134,0.635658914729,0.248709211693,AUAAGCGGACUCCAUGUGGAGUCUACACCGGGGGGGGCGGGGGCCCGGUUUGCCGGGUAGAACCUGGCCGUACGUUGGGGCAAGAGUUUACUGGCCAUAGAUCUUGCCCACCGGUCCUCUCGUGUCACUACAGCGGAGAGGAUCACGGCUUGAAAGGGCCGCGCAAUACGGCUUUUGUCCUCAGUCCCAAGCACGGGCAUGACGGGGCUCCCGGGCGGGGAGUCGAUGCGUUGCCGUUGCGAGCAUAUAGCGACGGCACGCGUUAUGCUGGCGCAGCUCGAAGCUGCGCCGGCGUCCCCUAUCAAAUAUGGGGAUCCCCGUCCGUAUCAGUAGGUCCUGCGUGGCAGCAGGACCUGAAGGCGGAUAUUCGCCCAACGGGCCUUCUGCCGGCUCCCUACUAGGGAGCCGAGAGGAGGGGCCGGAGUCACCUCUAGCUGCCCGGGGUGAUCGGCCCCUCCCCCCGUAAUCCUUCAGAGGCUAGGCAUAUUUGCAUGGCCCUCCUCUUGCGGGCCAUGC
0.581395348837,.......((((((....)))))).....(((((((.(((((((((((...((((((.......))))))........((((((((.((..........)).)))))))).....((((((((...........).)))))))...((((((....))))))........((((.(((((....((((.......))))..)))))))))..((((((((((....(((((.(((((((((.........))))))))))))))...(((((((((((.....))))))))))).(((((..........)))))))))))))))........((((((((......))))))))....((((......))))...)))))))).)))((((((((.....)))))))).....((((((((..((((((.............)))))))))))))))))))))..........................(((((((((.........))))))))),0.120980301652,0.959693872978,0.924919048317,0.93536184081,0.981565240868,0.994331955875,0.999126004885,0.679754123207,0.193637085113,0.62015503876,0.184781947673,GUGGGUUUAGCCCACAUGGGCUAGAUCACUGGGGCCAGCUGCUCCGAGGGACGGAACUUCCGUUUCCGUACCGAAGAGCGCUUUUUGGGAAGACCGUACCCGAAGGCGUUUCAUUUGGGGCGCGCCUCGGACUCUGUCCCGAUCCGGACUGAUGUCGGUCCCAUGUACAUGUACGGUGGACGCGUGUUAGGUCCACACAGCCGCAUGCGGGGUGUUCAGGAACCAGCCACUGCCGCGCUGACAGCCGCCCGGCGCGGUGUGGUGUCACCCCUGCCCUUUGUUAGGGCGGGGGUUUCGUUGCGUAGGCCAAACGAUCCUGGGCAUUUAAGGCCCCCGCCGGAGGGGUUUGGCGGGCAACGGGGCGCCGCCCCUAGGUCGGAGCACGCUGCGAAGCUGUGUAAGCUUUGCCUUUUACCAGGUCGACUCAUGCGGGCUGAACUACCAUGAGGGCCUGGUGCCCUAGGCAACGUCAGAUCUGUUGCGGUACCAGCUGGCUCUUCUGAAAAUAGGGUCAGC
0.581395348837,.......((((((....)))))).....(((((((.(((((((((((...((((((.......))))))........((((((((.((..........)).)))))))).....((((((((...........).)))))))...((((((....))))))........((((.(((((....((((.......))))..)))))))))..((((((((((....(((((.(((((((((.........))))))))))))))...(((((((((((.....))))))))))).(((((..........)))))))))))))))........((((((((......))))))))....((((......))))...)))))))).)))((((((((.....)))))))).....((((((((..((((((.............)))))))))))))))))))))..........................(((((((((.........))))))))),0.14449128355,0.953587810706,0.92325050815,0.936420995437,0.985480362157,0.99694797624,0.999126004885,0.590882920861,0.188271632394,0.653100775194,0.199938514414,GACGUCCUAGUGGUCUACCGCUAUAACCUCGACUCGGGCUUACCCGAUAUACUGGCGUGUUACGCCAGCGGCUGUCCACACACACCAGGACGAUCAUGCUUGUGUGUGUCUCGGAUCGCCUAAAUAGGUGGGGUAAGGCGAUCGUUGCCUGCGAGCGGGCAGUCGCCGGCUGGAAAGCCUGGGAGCGGUUGCUACGCUGAGGCUCCUGGUAGGCCCCGGCCCUUCGUGCGGUCGGAGCCGAAAAUCGCGCGGUUCCGACGCACAGAGCCCCUAAGGGGAUCUCCCUUGGGGGCGUUUCGUUCGGUAGUUCGAGGGGCCGGGGUCCACGAGUAUGCGUGCUCACCUGAGCACGCAUUACGCCUCUUCGGAGGCGCGUCGGGUGAUGCCAGGCCCGCCUGCUGCGGGCCUGUGCACCCCGCCGCUGGGCCCUCACCGCUUGUAUGGGCCCCGGCGGGGGGGUUGACCAAACGCCGAAUAGAUUGUCCUUGGCUGGGUCCCUCCCAAGGGGGGACCCGG
0.581395348837,.......((((((....)))))).....(((((((.(((((((((((...((((((.......))))))........((((((((.((..........)).)))))))).....((((((((...........).)))))))...((((((....))))))........((((.(((((....((((.......))))..)))))))))..((((((((((....(((((.(((((((((.........))))))))))))))...(((((((((((.....))))))))))).(((((..........)))))))))))))))........((((((((......))))))))....((((......))))...)))))))).)))((((((((.....)))))))).....((((((((..((((((.............)))))))))))))))))))))..........................(((((((((.........))))))))),0.107147975603,0.92968989219,0.890286503482,0.904160042446,0.964213763169,0.986862201297,0.995193026868,0.632015413943,0.171704160439,0.695736434109,0.162942131916,CUGCAUUUCGCAGUGUGCUGCGGUGGAUUGUGGGCCUCGGCGGGGCUAAGGCCUGGAACCUAACCAGGCUACGCACAUCUCGGGCCGGGUCGGCUUACCCAGCCCGGGAGUACUGUGCCGGUUCAACACCUGUGGCCGGCGUAGAGCGGCCAUCUGGCCGUCUUAUGCAGGGGAAGCGCGGUAGGUGGGAAGCGCGCCGGGUGUGCCCCCUGCCGACGGGAACUUGGGGCUGGCCCCGGGAGGGCCCAUCCCGGGGCUGCCCUUAGCGGGCGGAUCCGACAGGGGUCCGCCCGGCGGCGGUGGCCUCUCCGCCGUCCCGUCGGUAUAGCCGGCGCCCGUUCAAUGCGACGGGCGACAGGGCUGUCAGGAGCCGGCGGUCCUGCUCGAUCGUGGCCAUAAUGGCUACGAUCCCAUCUCCCUGUGGGGGGCACUAUAAGCCUACGCCCCCUGGGGAGAGCCCACGCGUGUGCUCAAUUGACGCGGUUUACACCCGGCCGGGUGAGCACGCCGGCCGGG
0.581395348837,.......((((((....)))))).....(((((((.(((((((((((...((((((.......))))))........((((((((.((..........)).)))))))).....((((((((...........).)))))))...((((((....))))))........((((.(((((....((((.......))))..)))))))))..((((((((((....(((((.(((((((((.........))))))))))))))...(((((((((((.....))))))))))).(((((..........)))))))))))))))........((((((((......))))))))....((((......))))...)))))))).)))((((((((.....)))))))).....((((((((..((((((.............)))))))))))))))))))))..........................(((((((((.........))))))))),0.114098516921,0.958568792383,0.921743422132,0.935340168616,0.980038441441,0.994767959269,0.998689007328,0.551211484714,0.244469475901,0.618217054264,0.181268209545,CCCGCCGUGGGGGCGUUCUCCCGACGUAAUGCCAUCGCCCGCCUCGUGGUCGCCUCAACGCAUGAGGCCUGGUGAAUUGUCGAGCCUAGCCAGACCUCUACGCUCGACAAUGAUGGGGUGAGUAGCCGUGAAAUAUCGCCCUAGAGCGGCCAACCGGCCGUGGUCCCGUUGCCAAGGCCGCGGCACCCGAACCUGGUGGAGGCCUGGCACCGUGGGUAGGUCUGGGACCCCGCCCCUGGCGAGUUCCCCGUCGGGGGCGGGUUCCUGUGACUCGGUGGCACAUACCGAGUCACGUCUGUUCAUUUACAGACAGAGCCUGCUCACUCAUACGAGCGCAGCUGCGACAAGCUGUGUGGGUGCCGAGUGAUUGGUAGUACGGGGUGAGGCUAGCCGGCCCUUGGCUGGUUGAUUGCGCCCACCCUCUUAACGGGCUGGGAAUAGUCGUUGGGGGUGGGCGUGGUAUUUGGGCGGGGCUCAGGCCAUAAUCGUUUAAUUUGUGAUAGGCAAAUGAGUUAA
